0,0.001
1,0.001
2,0.001
3,0.001
4,0.001
5,0.001
6,0.001
7,0.001
8,0.001
9,0.001
10,0.001
11,0.001
12,0.001
13,0.001
14,0.001
15,0.001
16,0.001
17,0.001
18,0.001
19,0.001
20,0.001
21,0.001
22,0.001
23,0.001
24,0.001
25,0.001
26,0.001
27,0.001
28,0.001
29,0.001
30,0.001
31,0.001
32,0.001
33,0.001
34,0.001
35,0.001
36,0.001
37,0.001
38,0.001
39,0.001
40,0.001
41,0.001
42,0.001
43,0.001
44,0.001
45,0.001
46,0.001
47,0.001
48,0.001
49,0.001
50,0.001
51,0.001
52,0.001
53,0.001
54,0.001
55,0.001
56,0.001
57,0.001
58,0.001
59,0.001
60,0.001
61,0.001
62,0.001
63,0.001
64,0.001
65,0.001
66,0.001
67,0.001
68,0.001
69,0.001
70,0.001
71,0.001
72,0.001
73,0.001
74,0.001
75,0.001
76,0.001
77,0.001
78,0.001
79,0.001
80,0.001
81,0.001
82,0.001
83,0.001
84,0.001
85,0.001
86,0.001
87,0.001
88,0.001
89,0.001
90,0.001
91,0.001
92,0.001
93,0.001
94,0.001
95,0.001
96,0.001
97,0.001
98,0.001
99,0.001
100,0.001
101,0.001
102,0.001
103,0.001
104,0.001
105,0.001
106,0.001
107,0.001
108,0.001
109,0.001
110,0.001
111,0.001
112,0.001
113,0.001
114,0.001
115,0.001
116,0.001
117,0.001
118,0.001
119,0.001
120,0.001
121,0.001
122,0.001
123,0.001
124,0.001
125,0.001
126,0.001
127,0.001
128,0.001
129,0.001
130,0.001
131,0.001
132,0.001
133,0.001
134,0.001
135,0.001
136,0.001
137,0.001
138,0.001
139,0.001
140,0.001
141,0.001
142,0.001
143,0.001
144,0.001
145,0.001
146,0.001
147,0.001
148,0.001
149,0.001
150,0.001
151,0.001
152,0.001
153,0.001
154,0.001
155,0.001
156,0.001
157,0.001
158,0.001
159,0.001
160,0.001
161,0.001
162,0.001
163,0.001
164,0.001
165,0.001
166,0.001
167,0.001
168,0.001
169,0.001
170,0.001
171,0.001
172,0.001
173,0.001
174,0.001
175,0.001
176,0.001
177,0.001
178,0.001
179,0.001
180,0.001
181,0.001
182,0.001
183,0.001
184,0.001
185,0.001
186,0.001
187,0.001
188,0.001
189,0.001
190,0.001
191,0.001
192,0.001
193,0.001
194,0.001
195,0.001
196,0.001
197,0.001
198,0.001
199,0.001
200,0.001
201,0.001
202,0.001
203,0.001
204,0.001
205,0.001
206,0.001
207,0.001
208,0.001
209,0.001
210,0.001
211,0.001
212,0.001
213,0.001
214,0.001
215,0.001
216,0.001
217,0.001
218,0.001
219,0.001
220,0.001
221,0.001
222,0.001
223,0.001
224,0.001
225,0.001
226,0.001
227,0.001
228,0.001
229,0.001
230,0.001
231,0.001
232,0.001
233,0.001
234,0.001
235,0.001
236,0.001
237,0.001
238,0.001
239,0.001
240,0.001
241,0.001
242,0.001
243,0.001
244,0.001
245,0.001
246,0.001
247,0.001
248,0.001
249,0.001
250,0.001
251,0.001
252,0.001
253,0.001
254,0.001
255,0.001
256,0.001
257,0.001
258,0.001
259,0.001
260,0.001
261,0.001
262,0.001
263,0.001
264,0.001
265,0.001
266,0.001
267,0.001
268,0.001
269,0.001
270,0.001
271,0.001
272,0.001
273,0.001
274,0.001
275,0.001
276,0.001
277,0.001
278,0.001
279,0.001
280,0.001
281,0.001
282,0.001
283,0.001
284,0.001
285,0.001
286,0.001
287,0.001
288,0.001
289,0.001
290,0.001
291,0.001
292,0.001
293,0.001
294,0.001
295,0.001
296,0.001
297,0.001
298,0.001
299,0.001
300,0.001
301,0.001
302,0.001
303,0.001
304,0.001
305,0.001
306,0.001
307,0.001
308,0.001
309,0.001
310,0.001
311,0.001
312,0.001
313,0.001
314,0.001
315,0.001
316,0.001
317,0.001
318,0.001
319,0.00933935025398
320,0.001
321,0.001
322,0.001
323,0.001
324,0.001
325,0.001
326,0.001
327,0.001
328,0.001
329,0.001
330,0.001
331,0.001
332,0.001
333,0.001
334,0.001
335,0.001
336,0.001
337,0.001
338,0.001
339,0.001
340,0.001
341,0.001
342,0.001
343,0.001
344,0.001
345,0.001
346,0.001
347,0.001
348,0.001
349,0.001
350,0.001
351,0.001
352,0.001
353,0.001
354,0.001
355,0.001
356,0.0117229405587
357,0.001
358,0.001
359,0.001
360,0.001
361,0.001
362,0.001
363,0.001
364,0.001
365,0.001
366,0.001
367,0.001
368,0.001
369,0.001
370,0.001
371,0.001
372,0.001
373,0.001
374,0.001
375,0.001
376,0.001
377,0.001
378,0.001
379,0.001
380,0.001
381,0.001
382,0.001
383,0.001
384,0.001
385,0.001
386,0.001
387,0.001
388,0.001
389,0.001
390,0.001
391,0.0542411213864
392,0.00623195403707
393,0.001
394,0.001
395,0.001
396,0.001
397,0.001
398,0.001
399,0.001
400,0.001
401,0.001
402,0.001
403,0.001
404,0.001
405,0.001
406,0.001
407,0.001
408,0.001
409,0.001
410,0.001
411,0.001
412,0.001
413,0.001
414,0.001
415,0.001
416,0.001
417,0.001
418,0.001
419,0.001
420,0.001
421,0.001
422,0.001
423,0.001
424,0.0027443440937
425,0.001
426,0.001
427,0.0358259389698
428,0.26321386539
429,0.001
430,0.001
431,0.001
432,0.0126262101642
433,0.129632117462
434,0.001
435,0.001
436,0.001
437,0.001
438,0.001
439,0.001
440,0.001
441,0.001
442,0.001
443,0.001
444,0.001
445,0.001
446,0.001
447,0.001
448,0.001
449,0.001
450,0.001
451,0.001
452,0.001
453,0.001
454,0.001
455,0.001
456,0.001
457,0.001
458,0.001
459,0.001
460,0.001
461,0.001
462,0.001
463,0.001
464,0.001
465,0.001
466,0.06854183289
467,0.001
468,0.001
469,0.960517861853
470,0.001
471,0.001
472,0.001
473,0.001
474,0.001
475,0.001
476,0.001
477,0.001
478,0.001
479,0.001
480,0.001
481,0.001
482,0.001
483,0.001
484,0.001
485,0.001
486,0.001
487,0.001
488,0.001
489,0.001
490,0.001
491,0.001
492,0.001
493,0.001
494,0.001
495,0.001
496,0.001
497,0.00368166063675
498,0.001
499,0.001
500,0.001
501,0.001
502,0.144871847196
503,0.001
504,0.001
505,0.001
506,0.001
507,0.001
508,0.001
509,0.001
510,0.001
511,0.001
512,0.001
513,0.001
514,0.001
515,0.001
516,0.001
517,0.001
518,0.001
519,0.001
520,0.001
521,0.001
522,0.001
523,0.001
524,0.001
525,0.001
526,0.001
527,0.001
528,0.001
529,0.001
530,0.001
531,0.0138497760447
532,0.001
533,0.001
534,0.001
535,0.001
536,0.001
537,0.001
538,0.001
539,0.353907049664
540,0.001
541,0.001
542,0.001
543,0.001
544,0.001
545,0.001
546,0.001
547,0.001
548,0.001
549,0.001
550,0.001
551,0.001
552,0.001
553,0.001
554,0.001
555,0.001
556,0.001
557,0.001
558,0.001
559,0.001
560,0.001
561,0.001
562,0.001
563,0.001
564,0.001
565,0.001
566,0.001
567,0.001
568,0.001
569,0.001
570,0.0439667850976
571,0.001
572,0.001
573,0.001
574,0.844883234079
575,0.439137563181
576,0.0538095159192
577,0.001
578,0.001
579,0.0544895910174
580,0.001
581,0.149277277985
582,0.441488820004
583,0.233663065497
584,0.0815649579915
585,0.001
586,0.187991173918
587,0.237400395485
588,0.001
589,0.001
590,0.001
591,0.001
592,0.001
593,0.00952207728204
594,0.001
595,0.001
596,0.001
597,0.001
598,0.001
599,0.001
600,0.001
601,0.001
602,0.001
603,0.001
604,0.001
605,0.0181066365025
606,0.001
607,0.001
608,0.001
609,0.001
610,0.001
611,0.001
612,0.001
613,0.001
614,0.001
615,0.001
616,0.001
617,0.001
618,0.001
619,0.355528210566
620,0.465732787907
621,0.109122680955
622,0.00481432471795
623,0.001
624,0.001
625,0.140109704894
626,0.001
627,0.293449461736
628,2.40212819993
629,0.001
630,0.001
631,0.001
632,0.001
633,0.001
634,0.001
635,0.001
636,0.0141163556992
637,0.001
638,0.001
639,0.0021778555208
640,0.001
641,0.001
642,0.001
643,0.001
644,0.001
645,0.001
646,0.001
647,0.001
648,0.001
649,0.001
650,0.001
651,0.001
652,0.001
653,0.001
654,0.001
655,0.001
656,0.001
657,0.001
658,0.001
659,0.001
660,0.001
661,0.001
662,0.001
663,0.001
664,0.001
665,0.001
666,0.001
667,0.001
668,0.001
669,0.001
670,0.0448283136096
671,0.001
672,0.001
673,0.001
674,0.001
675,0.001
676,0.001
677,0.001
678,0.001
679,0.124865969647
680,0.001
681,0.001
682,0.448716040158
683,0.001
684,0.001
685,0.001
686,0.001
687,0.001
688,0.001
689,0.00896987253466
690,0.0778640033918
691,0.001
692,0.001
693,0.001
694,0.001
695,0.001
696,0.001
697,0.001
698,0.001
699,0.001
700,0.001
701,0.001
702,0.001
703,0.001
704,0.001
705,0.001
706,0.001
707,0.001
708,0.001
709,0.001
710,0.001
711,0.001
712,0.001
713,0.001
714,0.001
715,0.001
716,0.001
717,0.001
718,0.001
719,0.001
720,0.001
721,0.001
722,0.001
723,0.001
724,0.001
725,0.001
726,0.001
727,0.001
728,0.001
729,0.001
730,0.001
731,0.001
732,0.001
733,0.001
734,0.001
735,0.001
736,0.001
737,0.001
738,0.001
739,0.001
740,0.001
741,0.001
742,0.001
743,0.001
744,0.001
745,0.001
746,0.001
747,0.001
748,0.001
749,0.001
750,0.001
751,0.001
752,0.001
753,0.001
754,0.001
755,0.001
756,0.001
757,0.001
758,0.001
759,0.001
760,0.001
761,0.001
762,0.001
763,0.001
764,0.001
765,0.001
766,0.001
767,0.001
768,0.001
769,0.001
770,0.001
771,0.001
772,0.001
773,0.001
774,0.001
775,0.001
776,0.001
777,0.001
778,0.001
779,0.001
780,0.169806657086
781,0.001
782,0.001
783,0.001
784,0.001
785,0.001
786,0.001
787,0.001
788,0.001
789,0.001
790,0.001
791,0.001
792,0.001
793,0.001
794,0.001
795,0.001
796,0.106912254523
797,0.001
798,0.001
799,0.001
800,0.001
801,0.159588726817
802,1.01727588473
803,0.001
804,0.0472179582766
805,0.0194984659877
806,0.001
807,0.001
808,0.001
809,0.001
810,0.001
811,0.001
812,0.001
813,0.001
814,0.001
815,0.001
816,0.001
817,0.001
818,0.001
819,0.001
820,0.001
821,0.001
822,0.001
823,0.001
824,0.001
825,0.001
826,0.001
827,0.001
828,0.001
829,0.001
830,0.001
831,0.001
832,0.001
833,0.001
834,0.001
835,0.001
836,0.001
837,0.001
838,0.001
839,0.001
840,0.067940385617
841,0.001
842,0.001
843,0.001
844,0.001
845,0.001
846,0.001
847,0.001
848,0.0993964127091
849,0.001
850,0.001
851,0.116802408627
852,0.001
853,0.001
854,0.001
855,0.001
856,0.177587105748
857,0.001
858,0.001
859,0.001
860,0.001
861,0.0833471303152
862,1.06825196226
863,0.001
864,0.001
865,0.001
866,0.001
867,0.001
868,0.001
869,0.001
870,0.001
871,0.001
872,0.001
873,0.001
874,0.001
875,0.001
876,0.001
877,0.001
878,0.001
879,0.001
880,0.001
881,0.001
882,0.001
883,0.001
884,0.001
885,0.001
886,0.001
887,0.001
888,0.001
889,0.001
890,0.001
891,0.001
892,0.001
893,0.001
894,0.001
895,0.001
896,0.001
897,0.001
898,0.001
899,0.001
900,0.001
901,0.001
902,0.001
903,0.001
904,0.001
905,0.20544049115
906,0.001
907,0.001
908,0.001
909,0.001
910,0.001
911,0.001
912,0.001
913,0.00161998401782
914,0.001
915,0.001
916,0.001
917,0.001
918,0.001
919,0.043131871924
920,0.001
921,0.001
922,0.001
923,0.001
924,0.001
925,0.360550973681
926,0.001
927,0.001
928,0.001
929,0.001
930,0.001
931,0.001
932,0.001
933,0.001
934,0.001
935,0.001
936,0.001
937,0.001
938,0.001
939,0.001
940,0.001
941,0.001
942,0.001
943,0.001
944,0.001
945,0.001
946,0.001
947,0.001
948,0.001
949,0.001
950,0.001
951,0.001
952,0.001
953,0.001
954,0.001
955,0.001
956,0.001
957,0.001
958,0.001
959,0.001
960,0.001
961,0.001
962,0.001
963,0.001
964,0.001
965,0.001
966,0.001
967,0.001
968,0.001
969,0.001
970,0.001
971,0.001
972,0.001
973,0.001
974,0.001
975,0.001
976,0.001
977,0.001
978,0.001
979,0.001
980,0.001
981,0.119952819417
982,0.001
983,0.001
984,0.001
985,0.001
986,0.001
987,0.498231587592
988,0.0444733066865
989,0.001
990,0.001
991,0.001
992,0.001
993,0.001
994,0.001
995,0.001
996,0.001
997,0.001
998,0.001
999,0.001
1000,0.001
1001,0.001
1002,0.001
1003,0.001
1004,0.001
1005,0.001
1006,0.001
1007,0.001
1008,0.001
1009,0.001
1010,0.001
1011,0.001
1012,0.001
1013,0.001
1014,0.001
1015,0.001
1016,0.001
1017,0.001
1018,0.001
1019,0.001
1020,0.001
1021,0.001
1022,0.001
1023,0.001
1024,0.111733982831
1025,0.001
1026,0.001
1027,0.001
1028,0.001
1029,0.001
1030,0.001
1031,0.001
1032,0.001
1033,0.001
1034,0.001
1035,0.001
1036,0.001
1037,0.001
1038,0.001
1039,0.001
1040,0.001
1041,0.001
1042,0.001
1043,0.001
1044,0.001
1045,0.0626603483171
1046,0.001
1047,0.001
1048,0.001
1049,0.001
1050,0.001
1051,0.0433288880883
1052,0.00751728119492
1053,0.001
1054,0.001
1055,0.001
1056,0.001
1057,0.001
1058,0.001
1059,0.001
1060,0.001
1061,0.001
1062,0.001
1063,0.001
1064,0.001
1065,0.0311487271058
1066,0.001
1067,0.001
1068,0.001
1069,0.001
1070,0.001
1071,0.001
1072,0.001
1073,0.001
1074,0.001
1075,0.001
1076,0.001
1077,0.001
1078,0.001
1079,0.001
1080,0.001
1081,0.001
1082,0.001
1083,0.001
1084,0.001
1085,0.001
1086,0.001
1087,0.001
1088,0.001
1089,0.001
1090,0.001
1091,0.001
1092,0.001
1093,0.001
1094,0.001
1095,0.001
1096,0.001
1097,0.001
1098,0.112100455653
1099,0.001
1100,0.001
1101,0.001
1102,0.001
1103,0.001
1104,0.001
1105,0.001
1106,0.001
1107,0.204982268847
1108,0.001
1109,0.001
1110,0.001
1111,0.001
1112,0.001
1113,0.001
1114,0.001
1115,0.001
1116,0.001
1117,0.001
1118,0.001
1119,0.001
1120,0.001
1121,0.001
1122,0.001
1123,0.001
1124,0.00722388553219
1125,0.001
1126,0.001
1127,0.001
1128,0.001
1129,0.001
1130,0.001
1131,0.001
1132,0.001
1133,0.001
1134,0.001
1135,0.001
1136,0.001
1137,0.001
1138,0.001
1139,0.001
1140,0.001
1141,0.001
1142,0.001
1143,0.001
1144,0.001
1145,0.001
1146,0.001
1147,0.001
1148,0.001
1149,0.001
1150,0.001
1151,0.001
1152,0.001
1153,0.001
1154,0.001
1155,0.001
1156,0.001
1157,0.001
1158,0.001
1159,0.0808491437689
1160,0.12122646493
1161,0.101923603743
1162,0.001
1163,0.00311553932235
1164,0.0856769463596
1165,0.001
1166,0.001
1167,0.0596071335214
1168,0.001
1169,0.001
1170,0.001
1171,0.001
1172,0.001
1173,0.001
1174,0.001
1175,0.001
1176,0.001
1177,0.001
1178,0.001
1179,0.001
1180,0.001
1181,0.001
1182,0.228183377477
1183,0.001
1184,0.001
1185,0.001
1186,0.001
1187,0.001
1188,0.001
1189,0.001
1190,0.001
1191,0.001
1192,0.001
1193,0.001
1194,0.001
1195,0.001
1196,0.001
1197,0.001
1198,0.001
1199,0.001
1200,0.001
1201,0.001
1202,0.001
1203,0.001
1204,0.001
1205,0.001
1206,0.00934236254525
1207,0.001
1208,0.001
1209,0.001
1210,0.001
1211,0.001
1212,0.001
1213,0.001
1214,0.001
1215,0.001
1216,0.001
1217,0.001
1218,0.001
1219,0.001
1220,0.001
1221,0.001
1222,0.001
1223,0.001
1224,0.001
1225,0.001
1226,0.001
1227,0.001
1228,0.0803917857834
1229,0.001
1230,0.001
1231,0.001
1232,0.001
1233,0.001
1234,0.001
1235,0.968809465689
1236,0.001
1237,0.001
1238,0.001
1239,0.001
1240,0.001
1241,0.001
1242,0.001
1243,0.001
1244,0.001
1245,0.001
1246,0.001
1247,0.001
1248,0.001
1249,0.001
1250,0.001
1251,0.634764660876
1252,0.001
1253,0.001
1254,0.001
1255,0.001
1256,0.001
1257,0.001
1258,0.001
1259,0.001
1260,0.001
1261,0.001
1262,0.001
1263,0.001
1264,0.001
1265,0.001
1266,0.001
1267,0.001
1268,0.001
1269,0.001
1270,0.001
1271,0.001
1272,0.001
1273,0.001
1274,0.001
1275,0.001
1276,0.001
1277,0.035404893497
1278,0.001
1279,0.001
1280,0.001
1281,0.001
1282,0.001
1283,0.001
1284,0.001
1285,0.001
1286,0.001
1287,0.001
1288,0.001
1289,0.001
1290,0.001
1291,0.001
1292,0.001
1293,0.001
1294,0.001
1295,0.001
1296,0.001
1297,0.0815261241951
1298,0.001
1299,0.001
1300,0.001
1301,0.001
1302,0.001
1303,0.001
1304,0.137791948076
1305,0.001
1306,0.001
1307,0.001
1308,0.001
1309,0.001
1310,0.001
1311,0.001
1312,0.001
1313,0.001
1314,0.001
1315,0.001
1316,0.001
1317,0.001
1318,0.001
1319,0.001
1320,0.127691011243
1321,0.001
1322,0.127315173146
1323,0.001
1324,0.001
1325,0.001
1326,0.135945447136
1327,0.001
1328,0.001
1329,0.001
1330,0.001
1331,0.001
1332,0.001
1333,0.001
1334,0.001
1335,0.001
1336,0.001
1337,0.001
1338,0.001
1339,0.001
1340,0.001
1341,0.0202445448799
1342,0.001
1343,0.001
1344,0.001
1345,0.001
1346,0.001
1347,0.001
1348,0.001
1349,0.001
1350,0.001
1351,0.001
1352,0.001
1353,0.001
1354,0.001
1355,0.001
1356,0.001
1357,0.001
1358,0.001
1359,0.001
1360,0.001
1361,0.001
1362,0.001
1363,0.001
1364,0.001
1365,0.001
1366,0.001
1367,0.001
1368,0.113430359305
1369,0.001
1370,0.001
1371,0.001
1372,0.001
1373,0.001
1374,0.001
1375,0.162112481959
1376,0.001
1377,0.001
1378,0.001
1379,0.001
1380,0.001
1381,0.001
1382,0.001
1383,0.001
1384,0.001
1385,0.001
1386,0.001
1387,0.001
1388,0.001
1389,0.001
1390,0.001
1391,0.0282446874197
1392,0.001
1393,0.001
1394,0.001
1395,0.00776743636927
1396,0.001
1397,0.001
1398,0.001
1399,0.001
1400,0.001
1401,0.001
1402,0.001
1403,0.001
1404,0.001
1405,0.001
1406,0.001
1407,0.001
1408,0.001
1409,0.001
1410,0.001
1411,0.001
1412,0.001
1413,0.001
1414,0.001
1415,0.001
1416,0.001
1417,0.001
1418,0.001
1419,0.001
1420,0.001
1421,0.001
1422,0.001
1423,0.001
1424,0.001
1425,0.001
1426,0.001
1427,0.001
1428,0.001
1429,0.001
1430,0.001
1431,0.001
1432,0.001
1433,0.001
1434,0.001
1435,0.001
1436,0.001
1437,0.001
1438,0.001
1439,0.001
1440,0.001
1441,0.001
1442,0.0698435148457
1443,0.0186873617133
1444,0.001
1445,0.001
1446,0.001
1447,0.001
1448,0.001
1449,0.001
1450,0.001
1451,0.001
1452,0.001
1453,0.001
1454,0.001
1455,0.001
1456,0.001
1457,0.001
1458,0.001
1459,0.001
1460,0.001
1461,0.001
1462,0.001
1463,0.001
1464,0.001
1465,0.001
1466,0.001
1467,0.001
1468,0.001
1469,0.001
1470,0.001
1471,0.001
1472,0.001
1473,0.001
1474,0.001
1475,0.001
1476,0.001
1477,0.001
1478,0.001
1479,0.001
1480,0.001
1481,0.001
1482,0.001
1483,0.001
1484,0.001
1485,0.001
1486,0.001
1487,0.001
1488,0.001
1489,0.001
1490,0.001
1491,0.001
1492,0.001
1493,0.001
1494,0.001
1495,0.001
1496,0.001
1497,0.001
1498,0.001
1499,0.001
1500,0.001
1501,0.001
1502,0.001
1503,0.001
1504,0.001
1505,0.001
1506,0.001
1507,0.001
1508,0.001
1509,0.001
1510,0.001
1511,0.001
1512,0.001
1513,0.001
1514,0.001
1515,0.001
1516,0.001
1517,0.001
1518,0.001
1519,0.001
1520,0.001
1521,0.001
1522,0.001
1523,0.001
1524,0.001
1525,0.001
1526,0.001
1527,0.001
1528,0.001
1529,0.001
1530,0.001
1531,0.001
1532,0.001
1533,0.001
1534,0.001
1535,0.001
1536,0.001
1537,0.001
1538,0.001
1539,0.001
1540,0.001
1541,0.001
1542,0.001
1543,0.001
1544,0.001
1545,0.001
1546,0.001
1547,0.001
1548,0.001
1549,0.001
1550,0.001
1551,0.001
1552,0.001
1553,0.001
1554,0.001
1555,0.001
1556,0.001
1557,0.001
1558,0.001
1559,0.001
1560,0.001
1561,0.001
1562,0.001
1563,0.001
1564,0.001
1565,0.001
1566,0.001
1567,0.001
1568,0.001
1569,0.00449423170749
1570,0.001
1571,0.001
1572,0.001
1573,0.001
1574,0.001
1575,0.001
1576,0.001
1577,0.001
1578,0.001
1579,0.001
1580,0.001
1581,0.001
1582,0.001
1583,0.001
1584,0.001
1585,0.001
1586,0.001
1587,0.001
1588,0.001
1589,0.001
1590,0.001
1591,0.001
1592,0.001
1593,0.001
1594,0.001
1595,0.001
1596,0.0184202016802
1597,0.001
1598,0.001
1599,0.001
1600,0.001
1601,0.001
1602,0.001
1603,0.001
1604,0.001
1605,0.001
1606,0.001
1607,0.001
1608,0.001
1609,0.001
1610,0.001
1611,0.001
1612,0.001
1613,0.001
1614,0.001
1615,0.001
1616,0.001
1617,0.001
1618,0.001
1619,0.001
1620,0.001
1621,0.001
1622,0.001
1623,0.001
1624,0.001
1625,0.001
1626,0.001
1627,0.001
1628,0.001
1629,0.001
1630,0.001
1631,0.001
1632,0.001
1633,0.001
1634,0.001
1635,0.001
1636,0.001
1637,0.001
1638,0.001
1639,0.001
1640,0.001
1641,0.001
1642,0.001
1643,0.001
1644,0.001
1645,0.001
1646,0.495273062002
1647,0.0993964127091
1648,0.0758724703394
1649,0.001
1650,0.001
1651,0.001
1652,0.001
1653,0.001
1654,0.001
1655,0.001
1656,0.001
1657,0.001
1658,0.001
1659,0.001
1660,0.001
1661,0.001
1662,0.001
1663,0.001
1664,0.001
1665,0.001
1666,0.001
1667,0.001
1668,0.001
1669,0.001
1670,0.001
1671,0.001
1672,0.001
1673,0.001
1674,0.001
1675,0.001
1676,0.001
1677,0.001
1678,0.001
1679,0.001
1680,0.001
1681,0.001
1682,0.001
1683,0.001
1684,0.001
1685,0.00467096633292
1686,0.001
1687,0.001
1688,0.001
1689,0.001
1690,0.001
1691,0.001
1692,0.001
1693,0.001
1694,0.001
1695,0.001
1696,0.001
1697,0.001
1698,0.001
1699,0.001
1700,0.0264760276654
1701,0.146969941367
1702,0.001
1703,0.001
1704,0.0110071742307
1705,0.001
1706,0.001
1707,0.001
1708,0.001
1709,0.001
1710,0.001
1711,0.001
1712,0.001
1713,0.001
1714,0.001
1715,0.001
1716,0.001
1717,0.001
1718,0.001
1719,0.001
1720,0.001
1721,0.001
1722,0.001
1723,0.001
1724,0.001
1725,0.0918871745432
1726,0.001
1727,0.001
1728,0.001
1729,0.001
1730,0.001
1731,0.001
1732,0.001
1733,0.001
1734,0.001
1735,0.001
1736,0.001
1737,0.001
1738,0.001
1739,0.001
1740,0.00855326944134
1741,0.001
1742,0.001
1743,0.001
1744,0.001
1745,0.0794591402284
1746,0.001
1747,0.001
1748,0.12161240559
1749,0.660611680148
1750,0.188276582045
1751,0.0591383221886
1752,0.0039021426585
1753,0.0892607318918
1754,0.001
1755,0.337503194807
1756,0.001
1757,0.001
1758,0.001
1759,0.001
1760,0.001
1761,0.001
1762,0.001
1763,0.001
1764,0.001
1765,0.001
1766,0.001
1767,0.001
1768,0.001
1769,0.001
1770,0.001
1771,0.001
1772,0.001
1773,0.001
1774,0.00573678320041
1775,0.00769863256419
1776,0.001
1777,0.001
1778,0.001
1779,0.001
1780,0.001
1781,0.001
1782,0.001
1783,0.001
1784,0.001
1785,0.001
1786,0.001
1787,0.001
1788,0.001
1789,0.001
1790,0.001
1791,0.001
1792,0.001
1793,0.001
1794,0.001
1795,0.001
1796,0.001
1797,0.0140137675438
1798,0.001
1799,0.001
1800,0.001
1801,0.001
1802,0.001
1803,0.001
1804,0.001
1805,0.001
1806,0.001
1807,0.001
1808,0.001
1809,0.001
1810,0.001
1811,0.001
1812,0.001
1813,0.001
1814,0.001
1815,0.001
1816,0.001
1817,0.00376468485696
1818,0.001
1819,0.001
1820,0.001
1821,0.001
1822,0.001
1823,0.001
1824,0.001
1825,0.001
1826,0.001
1827,0.001
1828,0.001
1829,0.001
1830,0.001
1831,0.001
1832,0.001
1833,0.001
1834,0.001
1835,0.001
1836,0.001
1837,0.001
1838,0.001
1839,0.001
1840,0.001
1841,0.00778656508029
1842,0.001
1843,0.001
1844,0.001
1845,0.001
1846,0.001
1847,0.001
1848,0.001
1849,0.001
1850,0.001
1851,0.001
1852,0.001
1853,0.001
1854,0.001
1855,0.001
1856,0.001
1857,0.001
1858,0.001
1859,0.001
1860,0.001
1861,0.001
1862,0.001
1863,0.001
1864,0.001
1865,0.001
1866,0.001
1867,0.001
1868,0.001
1869,0.001
1870,0.001
1871,0.001
1872,0.001
1873,0.0140118699433
1874,0.001
1875,0.001
1876,0.001
1877,0.001
1878,0.001
1879,0.001
1880,0.001
1881,0.001
1882,0.001
1883,0.001
1884,0.001
1885,0.001
1886,0.001
1887,0.001
1888,0.001
1889,0.001
1890,0.001
1891,0.001
1892,0.001
1893,0.001
1894,0.001
1895,0.001
1896,0.001
1897,0.001
1898,0.001
1899,0.001
1900,0.001
1901,0.001
1902,0.001
1903,0.001
1904,0.001
1905,0.001
1906,0.001
1907,0.00258798772563
1908,0.001
1909,0.001
1910,0.001
1911,0.001
1912,0.001
1913,0.001
1914,0.001
1915,0.001
1916,0.001
1917,0.001
1918,0.001
1919,0.001
1920,0.001
1921,0.001
1922,0.001
1923,0.001
1924,0.001
1925,0.001
1926,0.001
1927,0.001
1928,0.001
1929,0.001
1930,0.001
1931,0.001
1932,0.001
1933,0.001
1934,0.001
1935,0.001
1936,0.001
1937,0.001
1938,0.001
1939,0.001
1940,0.001
1941,0.00162818608327
1942,0.001
1943,0.001
1944,0.001
1945,0.001
1946,0.001
1947,0.0461164416515
1948,0.001
1949,0.001
1950,0.001
1951,0.001
1952,0.001
1953,0.001
1954,0.001
1955,0.001
1956,0.001
1957,0.001
1958,0.001
1959,0.001
1960,0.001
1961,0.001
1962,0.001
1963,0.001
1964,0.001
1965,0.001
1966,0.001
1967,0.001
1968,0.001
1969,0.001
1970,0.001
1971,0.001
1972,0.001
1973,0.001
1974,0.001
1975,0.001
1976,0.00467310633233
1977,0.001
1978,0.001
1979,0.001
1980,0.001
1981,0.001
1982,0.001
1983,0.0952202284566
1984,0.001
1985,0.001
1986,0.001
1987,0.001
1988,0.001
1989,0.001
1990,0.001
1991,0.001
1992,0.001
1993,0.001
1994,0.001
1995,0.001
1996,0.001
1997,0.001
1998,0.001
1999,0.001
2000,0.001
2001,0.001
2002,0.001
2003,0.001
2004,0.001
2005,0.001
2006,0.001
2007,0.00364972133769
2008,0.001
2009,0.001
2010,0.001
2011,0.001
2012,0.001
2013,0.001
2014,0.001
2015,0.001
2016,0.001
2017,0.001
2018,0.001
2019,0.001
2020,0.001
2021,0.001
2022,0.001
2023,0.0218010830964
2024,0.001
2025,0.001
2026,0.001
2027,0.001
2028,0.001
2029,0.001
2030,0.001
2031,0.001
2032,0.001
2033,0.001
2034,0.001
2035,0.001
2036,0.001
2037,0.001
2038,0.001
2039,0.001
2040,0.001
2041,0.001
2042,0.001
2043,0.001
2044,0.001
2045,0.001
2046,0.001
2047,0.001
2048,0.001
2049,0.001
2050,0.10920576248
2051,0.001
2052,0.001
2053,0.001
2054,0.001
2055,0.001
2056,0.237702633357
2057,0.001
2058,0.001
2059,0.001
2060,0.001
2061,0.001
2062,0.00593783323898
2063,0.001
2064,0.001
2065,0.001
2066,0.001
2067,0.001
2068,0.001
2069,0.001
2070,0.001
2071,0.001
2072,0.001
2073,0.001
2074,0.001
2075,0.001
2076,0.001
2077,0.001
2078,0.001
2079,0.001
2080,0.001
2081,0.001
2082,0.001
2083,0.001
2084,0.001
2085,0.001
2086,0.001
2087,0.001
2088,0.001
2089,0.001
2090,0.0331255710401
2091,0.001
2092,0.001
2093,0.001
2094,0.001
2095,0.001
2096,0.001
2097,0.001
2098,0.001
2099,0.001
2100,0.001
2101,0.001
2102,0.001
2103,0.001
2104,0.001
2105,0.001
2106,0.001
2107,0.001
2108,0.001
2109,0.001
2110,0.001
2111,0.0100994575562
2112,0.001
2113,0.001
2114,0.001
2115,0.001
2116,0.001
2117,0.001
2118,0.001
2119,0.001
2120,0.109147077733
2121,0.897493619833
2122,0.665302319455
2123,0.346596155817
2124,0.0689732362939
2125,0.001
2126,0.001
2127,0.0989195877715
2128,0.001
2129,0.001
2130,0.001
2131,0.001
2132,0.001
2133,0.001
2134,0.001
2135,0.0237189614568
2136,0.001
2137,0.001
2138,0.001
2139,0.001
2140,0.001
2141,0.001
2142,0.001
2143,0.001
2144,0.001
2145,0.001
2146,0.001
2147,0.001
2148,0.001
2149,0.001
2150,0.001
2151,0.001
2152,0.001
2153,0.001
2154,0.001
2155,0.001
2156,0.001
2157,0.001
2158,0.001
2159,0.001
2160,0.001
2161,0.001
2162,0.001
2163,0.001
2164,0.001
2165,0.001
2166,0.001
2167,0.001
2168,0.001
2169,0.001
2170,0.001
2171,0.001
2172,0.001
2173,0.001
2174,0.001
2175,0.001
2176,0.001
2177,0.001
2178,0.001
2179,0.001
2180,0.001
2181,0.001
2182,0.001
2183,0.001
2184,0.001
2185,0.001
2186,0.001
2187,0.001
2188,0.001
2189,0.001
2190,0.001
2191,0.001
2192,0.001
2193,0.001
2194,0.001
2195,0.001
2196,0.001
2197,0.001
2198,0.001
2199,0.001
2200,0.001
2201,0.001
2202,0.001
2203,0.001
2204,0.001
2205,0.001
2206,0.001
2207,0.001
2208,0.001
2209,0.001
2210,0.001
2211,0.001
2212,0.001
2213,0.001
2214,0.001
2215,0.001
2216,0.001
2217,0.001
2218,0.001
2219,0.001
2220,0.001
2221,0.001
2222,0.001
2223,0.001
2224,0.001
2225,0.001
2226,0.001
2227,0.001
2228,0.001
2229,0.001
2230,0.001
2231,0.001
2232,0.001
2233,0.001
2234,0.001
2235,0.001
2236,0.001
2237,0.001
2238,0.001
2239,0.001
2240,0.001
2241,0.184803530433
2242,0.001
2243,0.001
2244,0.001
2245,0.001
2246,0.001
2247,0.001
2248,0.001
2249,0.001
2250,0.001
2251,0.001
2252,0.001
2253,0.001
2254,0.001
2255,0.001
2256,0.001
2257,0.001
2258,0.001
2259,0.001
2260,0.001
2261,0.001
2262,0.001
2263,0.001
2264,0.001
2265,0.001
2266,0.001
2267,0.00492828291625
2268,0.001
2269,0.001
2270,0.001
2271,0.001
2272,0.001
2273,0.001
2274,0.001
2275,0.001
2276,0.001
2277,0.001
2278,0.001
2279,0.001
2280,0.001
2281,0.001
2282,0.001
2283,0.001
2284,0.001
2285,0.001
2286,0.001
2287,0.001
2288,0.001
2289,0.0746386389923
2290,0.001
2291,0.001
2292,0.001
2293,0.001
2294,0.001
2295,0.001
2296,0.001
2297,0.001
2298,0.001
2299,0.001
2300,0.001
2301,0.001
2302,0.001
2303,0.0822023740483
2304,0.001
2305,0.001
2306,0.010899801884
2307,0.001
2308,0.001
2309,0.001
2310,0.001
2311,0.001
2312,0.001
2313,0.001
2314,0.001
2315,0.001
2316,0.001
2317,0.001
2318,0.001
2319,0.001
2320,0.001
2321,0.001
2322,0.001
2323,0.001
2324,0.001
2325,0.001
2326,0.001
2327,0.001
2328,0.001
2329,0.001
2330,0.001
2331,0.001
2332,0.001
2333,0.001
2334,0.001
2335,0.001
2336,0.001
2337,0.001
2338,0.001
2339,0.001
2340,0.001
2341,0.001
2342,0.001
2343,0.001
2344,0.001
2345,0.001
2346,0.001
2347,0.001
2348,0.0341351128049
2349,0.001
2350,0.133470705123
2351,0.206141409875
2352,0.0163271731487
2353,0.0177783194791
2354,0.001
2355,0.001
2356,0.001
2357,0.001
2358,0.001
2359,0.001
2360,0.001
2361,0.001
2362,0.001
2363,0.001
2364,0.001
2365,0.001
2366,0.001
2367,0.001
2368,0.001
2369,0.001
2370,0.001
2371,0.001
2372,0.001
2373,0.001
2374,0.001
2375,0.001
2376,0.001
2377,0.001
2378,0.001
2379,0.001
2380,0.001
2381,0.001
2382,0.001
2383,0.001
2384,0.001
2385,0.001
2386,0.001
2387,0.001
2388,0.001
2389,0.001
2390,0.001
2391,0.001
2392,0.001
2393,0.001
2394,0.001
2395,0.001
2396,0.001
2397,0.001
2398,0.001
2399,0.001
2400,0.001
2401,0.001
2402,0.001
2403,0.001
2404,0.064886806456
2405,0.0838260506204
2406,0.12497353837
2407,0.001
2408,0.0233642454384
2409,0.176699993077
2410,0.188276582045
2411,0.001
2412,0.001
2413,0.001
2414,0.001
2415,0.001
2416,0.001
2417,0.001
2418,0.001
2419,0.001
2420,0.285707714185
2421,0.455744396574
2422,0.171819281285
2423,0.218459187175
2424,0.723422576461
2425,0.166633176334
2426,0.498118179573
2427,0.001
2428,0.001
2429,0.001
2430,0.001
2431,0.001
2432,0.001
2433,0.001
2434,0.001
2435,0.001
2436,0.001
2437,0.001
2438,0.001
2439,0.001
2440,0.001
2441,0.001
2442,0.001
2443,0.001
2444,0.735391265347
2445,0.0706787402341
2446,0.001
2447,0.0442788606038
2448,0.0955166169043
2449,0.001
2450,0.0788459135842
2451,0.001
2452,0.001
2453,0.001
2454,0.001
2455,0.001
2456,0.001
2457,0.001
2458,0.001
2459,0.001
2460,0.001
2461,0.001
2462,0.001
2463,0.001
2464,0.001
2465,0.0113716609754
2466,0.666391723744
2467,0.0462299699987
2468,0.001
2469,0.001
2470,0.001
2471,0.001
2472,0.001
2473,0.001
2474,0.001
2475,0.001
2476,0.001
2477,0.001
2478,0.001
2479,0.001
2480,0.001
2481,0.001
2482,0.001
2483,0.001
2484,0.001
2485,0.001
2486,0.001
2487,0.001
2488,0.001
2489,0.001
2490,0.001
2491,0.001
2492,0.001
2493,0.001
2494,0.001
2495,0.001
2496,0.001
2497,0.001
2498,0.542089197245
2499,0.0543281084211
2500,0.0231149849993
2501,0.001
2502,0.001
2503,0.0211989934676
2504,0.001
2505,0.151827423556
2506,0.0956766862755
2507,0.001
2508,0.001
2509,0.001
2510,0.001
2511,0.001
2512,0.001
2513,0.001
2514,0.001
2515,0.001
2516,0.001
2517,0.001
2518,0.001
2519,0.001
2520,0.001
2521,0.001
2522,0.001
2523,0.001
2524,0.001
2525,0.001
2526,0.001
2527,0.001
2528,0.001
2529,0.001
2530,0.001
2531,0.001
2532,0.001
2533,0.001
2534,0.001
2535,0.001
2536,0.001
2537,0.001
2538,0.001
2539,0.001
2540,0.001
2541,0.001
2542,0.001
2543,0.001
2544,0.001
2545,0.001
2546,0.001
2547,0.001
2548,0.001
2549,0.059255232311
2550,0.0243924294906
2551,0.001
2552,0.001
2553,0.001
2554,0.001
2555,0.001
2556,0.001
2557,0.001
2558,0.00778216428379
2559,0.001
2560,0.001
2561,0.001
2562,0.001
2563,0.001
2564,0.001
2565,0.001
2566,0.001
2567,0.001
2568,0.001
2569,0.001
2570,0.001
2571,0.001
2572,0.001
2573,0.001
2574,0.001
2575,0.001
2576,0.001
2577,0.001
2578,0.001
2579,0.001
2580,0.001
2581,0.001
2582,0.001
2583,0.001
2584,0.001
2585,0.001
2586,0.001
2587,0.001
2588,0.001
2589,0.135466093029
2590,0.118359842774
2591,0.001
2592,0.001
2593,0.001
2594,0.001
2595,0.001
2596,0.001
2597,0.001
2598,0.001
2599,0.001
2600,0.001
2601,0.001
2602,0.001
2603,0.001
2604,0.001
2605,0.001
2606,0.001
2607,0.001
2608,0.001
2609,0.001
2610,0.001
2611,0.001
2612,0.001
2613,0.001
2614,0.001
2615,0.001
2616,0.001
2617,0.001
2618,0.001
2619,0.001
2620,0.001
2621,0.001
2622,0.001
2623,0.001
2624,0.001
2625,0.001
2626,0.001
2627,0.001
2628,0.001
2629,0.001
2630,0.001
2631,0.001
2632,0.0321997871942
2633,0.0212765528822
2634,0.001
2635,0.001
2636,0.001
2637,0.001
2638,0.001
2639,0.001
2640,0.001
2641,0.001
2642,0.001
2643,0.001
2644,0.001
2645,0.001
2646,0.001
2647,0.001
2648,0.001
2649,0.001
2650,0.001
2651,0.001
2652,0.001
2653,0.001
2654,0.001
2655,0.001
2656,0.001
2657,0.001
2658,0.001
2659,0.001
2660,0.001
2661,0.001
2662,0.001
2663,0.001
2664,0.001
2665,0.001
2666,0.001
2667,0.001
2668,0.001
2669,0.001
2670,0.001
2671,0.001
2672,0.001
2673,0.001
2674,0.001
2675,0.001
2676,0.001
2677,0.001
2678,0.001
2679,0.001
2680,0.001
2681,0.001
2682,0.001
2683,0.001
2684,0.001
2685,0.001
2686,0.001
2687,0.001
2688,0.001
2689,0.001
2690,0.001
2691,0.001
2692,0.001
2693,0.001
2694,0.001
2695,0.001
2696,0.001
2697,0.001
2698,0.001
2699,0.001
2700,0.001
2701,0.001
2702,0.001
2703,0.001
2704,0.001
2705,0.001
2706,0.001
2707,0.001
2708,0.001
2709,0.001
2710,0.001
2711,0.001
2712,0.001
2713,0.001
2714,0.001
2715,0.001
2716,0.001
2717,0.001
2718,0.001
2719,0.001
2720,0.001
2721,0.001
2722,0.001
2723,0.001
2724,0.001
2725,0.001
2726,0.0046717415744
2727,0.001
2728,0.001
2729,0.001
2730,0.001
2731,0.001
2732,0.001
2733,0.001
2734,0.001
2735,0.001
2736,0.001
2737,0.001
2738,0.001
2739,0.001
2740,0.001
2741,0.001
2742,0.001
2743,0.001
2744,0.001
2745,0.001
2746,0.001
2747,0.001
2748,0.001
2749,0.0106176525747
2750,0.001
2751,0.001
2752,0.001
2753,0.001
2754,0.001
2755,0.001
2756,0.0358242379068
2757,0.001
2758,0.001
2759,0.001
2760,0.001
2761,0.001
2762,0.001
2763,0.001
2764,0.001
2765,0.001
2766,0.001
2767,0.001
2768,0.001
2769,0.001
2770,0.001
2771,0.001
2772,0.001
2773,0.001
2774,0.0227216671814
2775,0.001
2776,0.001
2777,0.001
2778,0.001
2779,0.001
2780,0.00898751634508
2781,0.758232924017
2782,0.001
2783,0.001
2784,0.001
2785,0.001
2786,0.001
2787,0.001
2788,0.001
2789,0.001
2790,0.001
2791,0.001
2792,0.001
2793,0.001
2794,0.001
2795,0.001
2796,0.001
2797,0.001
2798,0.001
2799,0.001
2800,0.001
2801,0.001
2802,0.001
2803,0.001
2804,0.001
2805,0.001
2806,0.001
2807,0.001
2808,0.001
2809,0.001
2810,0.001
2811,0.001
2812,0.001
2813,0.001
2814,0.001
2815,0.0124600948814
2816,0.001
2817,0.001
2818,0.001
2819,0.001
2820,0.001
2821,0.001
2822,0.001
2823,0.001
2824,0.001
2825,0.001
2826,0.001
2827,0.001
2828,0.001
2829,0.001
2830,0.001
2831,0.001
2832,0.001
2833,0.001
2834,0.0335342897658
2835,0.001
2836,0.001
2837,0.0554850804731
2838,0.001
2839,0.001
2840,0.001
2841,0.001
2842,0.001
2843,0.001
2844,0.001
2845,0.001
2846,0.001
2847,0.001
2848,0.001
2849,0.001
2850,0.001
2851,0.001
2852,0.001
2853,0.001
2854,0.001
2855,0.001
2856,0.001
2857,0.176839169501
2858,0.001
2859,0.001
2860,0.001
2861,0.001
2862,0.001
2863,0.001
2864,0.001
2865,0.001
2866,0.001
2867,0.001
2868,0.001
2869,0.001
2870,0.001
2871,0.001
2872,0.001
2873,0.001
2874,0.001
2875,0.001
2876,0.001
2877,0.001
2878,0.001
2879,0.001
2880,0.001
2881,0.001
2882,0.001
2883,0.00306988517058
2884,0.001
2885,0.001
2886,0.001
2887,0.001
2888,0.001
2889,0.001
2890,0.001
2891,0.001
2892,0.001
2893,0.001
2894,0.001
2895,0.0093471083894
2896,0.001
2897,0.001
2898,0.001
2899,0.001
2900,0.001
2901,0.0879017320549
2902,0.001
2903,0.001
2904,0.001
2905,0.001
2906,0.001
2907,0.001
2908,0.001
2909,0.001
2910,0.001
2911,0.001
2912,0.001
2913,0.001
2914,0.001
2915,0.001
2916,0.001
2917,0.001
2918,0.001
2919,0.001
2920,0.001
2921,0.001
2922,0.001
2923,0.001
2924,0.001
2925,0.001
2926,0.001
2927,0.001
2928,0.001
2929,0.001
2930,0.001
2931,0.001
2932,0.001
2933,0.001
2934,0.001
2935,0.001
2936,0.001
2937,0.001
2938,0.001
2939,0.001
2940,0.001
2941,0.001
2942,0.001
2943,0.001
2944,0.001
2945,0.001
2946,0.001
2947,0.001
2948,0.001
2949,0.001
2950,0.001
2951,0.001
2952,0.001
2953,0.001
2954,0.001
2955,0.001
2956,0.001
2957,0.001
2958,0.001
2959,0.001
2960,0.001
2961,0.001
2962,0.001
2963,0.001
2964,0.001
2965,0.001
2966,0.001
2967,0.001
2968,0.001
2969,0.001
2970,0.001
2971,0.001
2972,0.001
2973,0.001
2974,0.001
2975,0.001
2976,0.001
2977,0.001
2978,0.001
2979,0.001
2980,0.001
2981,0.001
2982,0.001
2983,0.001
2984,0.001
