0,0.001
1,0.001
2,0.001
3,0.001
4,0.001
5,0.001
6,0.001
7,0.001
8,0.001
9,0.001
10,0.001
11,0.001
12,0.001
13,0.001
14,0.001
15,0.001
16,0.0960961198824
17,2.81419320332
18,0.001
19,0.001
20,0.773701716981
21,0.001
22,0.001
23,0.639048497548
24,0.001
25,0.001
26,0.001
27,0.001
28,0.001
29,0.404953624145
30,0.001
31,0.0758724703394
32,0.001
33,0.001
34,0.001
35,0.0274202654448
36,0.001
37,0.001
38,0.001
39,0.001
40,0.110266742959
41,0.0476560295753
42,0.001
43,0.0260676910304
44,0.001
45,0.001
46,0.001
47,0.001
48,0.0231149849993
49,0.426731407046
50,0.186150053053
51,0.0619513590783
52,0.001
53,0.001
54,0.001
55,0.138991856937
56,0.562156251242
57,0.001
58,0.0750594849732
59,0.0120842928633
60,0.060905186338
61,0.001
62,0.106961003154
63,0.001
64,0.001
65,0.326623628949
66,0.001
67,0.001
68,0.403797189015
69,0.474271948744
70,0.001
71,0.001
72,0.133975317924
73,0.0748465389556
74,0.001
75,0.001
76,0.0694178739237
77,0.0305579048883
78,0.001
79,0.165099478235
80,0.16041991413
81,0.001
82,0.001
83,0.001
84,0.0734542683506
85,0.001
86,0.001
87,0.0436128449055
88,0.0700966516326
89,0.0591181295321
90,0.0342679365606
91,0.001
92,0.001
93,0.00258798772563
94,0.001
95,0.001
96,0.117689128116
97,0.218084290734
98,0.0665928443499
99,0.100077592489
100,0.0218485191514
101,0.001
102,0.0474445045968
103,0.0968512046406
104,0.001
105,0.001
106,0.001
107,0.108079135719
108,0.001
109,0.001
110,0.0846964989464
111,0.001
112,0.001
113,0.187901271382
114,0.001
115,0.204849956378
116,0.001
117,0.001
118,0.001
119,0.001
120,0.231692427669
121,0.001
122,0.001
123,0.142675544039
124,0.001
125,0.001
126,0.001
127,0.0758724703394
128,0.0114652379356
129,0.001
130,0.154600947442
131,0.13181128193
132,0.001
133,0.103347397037
134,0.0874165495802
135,0.0752820690983
136,0.001
137,0.193132459157
138,0.0826677792369
139,0.001
140,0.107618009887
141,0.001
142,0.001
143,1.22422697175
144,0.159003546231
145,0.001
146,0.191303001266
147,0.278072909441
148,0.158588452932
149,0.12991073185
150,0.192355893888
151,0.001
152,0.255233986804
153,0.117720271126
154,0.001
155,0.123031087794
156,0.139376934009
157,0.281651396491
158,0.166688164828
159,0.0856578002018
160,0.001
161,0.100259684538
162,0.001
163,0.0136997435839
164,0.001
165,0.0327062591804
166,0.001
167,0.0324798011625
168,0.0675376779381
169,0.001
170,0.076792504039
171,0.186173635175
172,0.0451509337513
173,0.001
174,0.0887613924227
175,0.12772415787
176,0.001
177,0.279917343773
178,0.18848118792
179,0.001
180,0.188340062461
181,0.208714974689
182,0.001
183,0.076792504039
184,0.0311967537006
185,0.0279668042344
186,0.109042363914
187,0.152261940042
188,0.034143408509
189,0.001
190,0.138605717747
191,0.020076557081
192,0.001
193,0.0545092480435
194,0.001
195,0.0451684750476
196,0.0949696369843
197,0.001
198,0.001
199,0.001
200,0.149526734537
201,0.134210695474
202,0.123408253661
203,0.267852703635
204,0.001
205,0.25829056338
206,0.001
207,0.116515597567
208,0.0609888927541
209,0.12306066196
210,0.001
211,0.001
212,0.001
213,0.107489276025
214,0.0428072156421
215,0.0879017320549
216,0.001
217,0.163363612486
218,0.0490383101058
219,0.121486157352
220,0.0193633565317
221,0.001
222,0.081155395835
223,0.0565404267653
224,0.0578612469468
225,0.166657579406
226,0.001
227,0.0210800306333
228,0.001
229,0.193937472076
230,0.0594111402411
231,0.190643903902
232,0.834008410148
233,0.110138515288
234,0.001
235,0.202882454553
236,0.0583676762808
237,0.120405225995
238,0.001
239,0.001
240,0.0771931450077
241,0.160434555017
242,0.118372760615
243,0.462791964889
244,0.172876975296
245,0.0820464853454
246,0.124608000801
247,0.001
248,0.0607428174821
249,0.136234839663
250,0.0922258650782
251,0.001
252,0.0633007569328
253,0.001
254,0.0332869514457
255,0.105576498698
256,0.248303730566
257,0.214957909883
258,0.335843296422
259,2.47245057087
260,1.51304382542
261,0.105797843727
262,0.401851266873
263,0.001
264,0.177007368161
265,0.532928614039
266,0.384738498504
267,0.001
268,0.001
269,0.119703046534
270,0.208921781675
271,0.0860306185925
272,0.118166145774
273,0.11415745952
274,0.0809563229472
275,0.641575962857
276,0.001
277,0.001
278,0.001
279,0.277630084163
280,0.099680634131
281,0.0657910958051
282,0.28454735463
283,0.001
284,0.001
285,0.242953316411
286,0.169524577988
287,0.001
288,0.227411767597
289,0.11802236822
290,0.001
291,0.287816097578
292,0.324326347754
293,0.203591604525
294,0.150050898191
295,0.202329650235
296,0.154750698414
297,0.208575578866
298,0.154266270925
299,0.137293147696
300,0.252354068562
301,0.0768342722108
302,0.118369332051
303,0.001
304,0.204058194446
305,0.001
306,0.001
307,0.032428921202
308,0.024635356592
309,0.123269980222
310,0.0121472406347
311,0.0683115177794
312,0.0844847173031
313,0.115029061311
314,0.196188910446
315,0.001
316,0.001
317,0.001
318,0.0939240680075
319,0.236165806601
320,0.264483084859
321,0.341771135339
322,0.224880475561
323,0.331202948084
324,0.192750980335
325,0.133519369407
326,0.285798519529
327,0.001
328,0.186129274633
329,0.217136288431
330,0.196393891266
331,0.001
332,0.001
333,0.111733982831
334,0.0627334299361
335,0.0900290849247
336,0.001
337,0.0749665120976
338,0.001
339,0.001
340,0.0718054793793
341,0.277852495431
342,0.001
343,0.146617368867
344,0.12461991136
345,0.163098790568
346,0.1021907685
347,0.440502014044
348,0.0460376737282
349,0.0678107974719
350,0.610226683912
351,0.664947969228
352,0.122211943226
353,0.600764607202
354,0.639048497548
355,0.601208323662
356,0.661076792471
357,0.534276902153
358,0.001
359,0.308245402754
360,0.220383823771
361,0.0670461009966
362,0.001
363,0.342882927275
364,0.106462837534
365,0.228957792226
366,0.164990411883
367,0.232757979019
368,0.228951810675
369,0.122698524164
370,0.4745115906
371,0.150751311763
372,0.19313582564
373,0.081155395835
374,0.440407786765
375,0.0202422839081
376,0.0436088502935
377,0.0320917176726
378,0.0227900273773
379,0.001
380,0.263259774782
381,0.0875278416428
382,0.126025017435
383,0.102327830444
384,0.271247976173
385,0.0881636626821
386,0.001
387,0.001
388,0.0152789524441
389,0.566391530075
390,0.076792504039
391,0.569839478257
392,0.364542204922
393,0.548200402123
394,0.443658531061
395,0.56613839345
396,0.240290262024
397,0.129258192789
398,0.481066200445
399,0.001
400,0.347649884606
401,0.271810468458
402,0.335172328182
403,0.276246574887
404,0.361039673986
405,0.402171241691
406,0.103298555368
407,0.374617585761
408,0.512850664583
409,0.159373302562
410,0.169524577988
411,0.001
412,0.30298099407
413,0.0649312419592
414,0.001
415,0.001
416,0.0275775727668
417,0.0392371038782
418,0.280390718579
419,0.118705816338
420,0.077870985919
421,0.001
422,0.383067856785
423,0.001
424,0.474506734824
425,0.397064217018
426,0.621499550851
427,1.18815322362
428,1.38577588396
429,0.618507265173
430,1.30111508232
431,0.528535583793
432,0.619791420509
433,1.00491831622
434,0.397375581114
435,0.001
436,0.112231142795
437,0.476027643433
438,0.577444828125
439,0.70088488462
440,0.811719759177
441,0.377278334355
442,0.001
443,0.506033298229
444,0.001
445,0.31275172645
446,0.228752759559
447,0.275954953216
448,0.242253165807
449,0.194705184386
450,0.0428072156421
451,0.0461527172555
452,0.001
453,0.154528620192
454,0.001
455,0.0243549508088
456,0.001
457,0.001
458,0.001
459,0.001
460,0.0959902791223
461,0.606650130223
462,0.0778751952174
463,0.0731500120491
464,0.001
465,0.797529436826
466,0.881008867882
467,0.403420986221
468,0.0499038198129
469,0.866794283692
470,0.520209493931
471,0.702512294203
472,0.713362591064
473,0.598371096472
474,0.0675958915994
475,0.589198801706
476,0.415852389849
477,0.464698795075
478,0.305216234601
479,0.503874602106
480,0.383154038746
481,0.22590529698
482,0.146139095204
483,0.081155395835
484,0.0863205950136
485,0.274162100094
486,0.001
487,0.202058768051
488,0.001
489,0.001
490,0.0249178258103
491,0.001
492,0.0108996097571
493,0.001
494,0.00258798772563
495,0.001
496,0.001
497,0.169110994976
498,0.001
499,0.0988797714772
500,0.551372917349
501,0.752650913667
502,1.31079028315
503,0.89310159691
504,0.660785671756
505,0.922057165582
506,0.563775119043
507,0.692788233495
508,0.84071252587
509,0.200060313502
510,0.001
511,0.305495967977
512,0.222319897828
513,0.699103429734
514,0.400577081123
515,0.748159340336
516,0.140175923602
517,0.303735938271
518,0.114155179615
519,0.0377234414113
520,0.353300353862
521,0.001
522,0.155308805173
523,0.346387394451
524,0.653403844183
525,0.00449423170749
526,0.001
527,0.001
528,0.0569862882396
529,0.001
530,0.077061302106
531,0.001
532,0.216960970023
533,0.001
534,0.195784413363
535,0.0399010803508
536,0.0386028700124
537,0.0974719205137
538,0.673192492536
539,1.08953832777
540,0.575440753707
541,0.576269577606
542,0.70560156227
543,0.685367578921
544,0.530123615522
545,1.78195114251
546,0.208921781675
547,0.0231149849993
548,0.226367347496
549,0.22571665188
550,0.423598660329
551,0.254863134123
552,0.24565846253
553,0.2701298336
554,0.001
555,0.465658467532
556,0.309376687558
557,0.238166770323
558,0.152099026578
559,0.001
560,0.0963881161819
561,0.137655361472
562,0.001
563,0.001
564,0.098720629273
565,0.0209680091485
566,0.001
567,0.001
568,0.001
569,0.001
570,0.346596155817
571,0.134695815637
572,0.539728142156
573,0.001
574,0.104253368114
575,0.494911225382
576,0.753668983642
577,0.906150554477
578,0.701910479133
579,0.579046424166
580,0.744771548035
581,0.593442682294
582,0.501529754961
583,1.99201273629
584,0.629304006181
585,1.18539621007
586,0.265292649755
587,0.604207862099
588,0.405885649395
589,0.403868129204
590,0.63551924717
591,0.001
592,0.439082559184
593,1.08115539583
594,0.39247185054
595,0.0984377731017
596,0.192823237587
597,0.405118034017
598,0.001
599,0.001
600,0.0493553338892
601,0.393015141123
602,0.001
603,0.0488511871522
604,0.001
605,0.165085999637
606,0.00831082153337
607,0.407976789687
608,0.253826267121
609,7.08023074353
610,0.0486555887873
611,0.0326950848051
612,0.001
613,0.147904541791
614,0.157088547819
615,0.150470992212
616,0.826888179347
617,0.480182145666
618,0.174428235822
619,0.081155395835
620,0.264783823487
621,0.441092533811
622,0.149611782557
623,0.0392069867043
624,0.0327130510392
625,0.001
626,0.001
627,0.80297558699
628,0.431588040359
629,0.350454106348
630,0.159373302562
631,0.266344000122
632,0.160259566923
633,0.175346797088
634,2.96971663935
635,0.121838405676
636,0.242050639953
637,0.210258667704
638,0.180681587802
639,0.604311691807
640,0.001
641,0.442143349855
642,0.140202055012
643,0.202445944392
644,0.452297832528
645,0.0932954688526
646,0.222721450144
647,0.228716784022
648,0.001
649,0.0841153393741
650,0.001
651,0.001
652,0.109122680955
653,0.0186902930594
654,0.001
655,0.0603737629002
656,0.06702533203
657,0.001
658,0.0686598051816
659,0.001
660,0.023554790293
661,0.001
662,0.001
663,0.158400740704
664,0.134817227743
665,0.249931513448
666,0.194702648717
667,0.171640542105
668,0.0988775243468
669,0.149532958924
670,0.146753225465
671,0.0459834145497
672,0.0373888575853
673,0.0716457449614
674,0.001
675,0.239131638854
676,0.001
677,0.0962145109576
678,0.0625911283037
679,0.093449853118
680,0.338467650404
681,0.001
682,0.92563871902
683,0.0231149849993
684,0.062303722538
685,0.001
686,0.562341174959
687,0.358680577853
688,1.48689704593
689,0.672764259293
690,0.537331124166
691,0.316203809114
692,0.84562770764
693,0.587522519585
694,0.170882643364
695,0.359781196288
696,0.001
697,0.481554118311
698,0.283285893898
699,0.14211444541
700,0.215964550669
701,0.420575012145
702,0.108053426151
703,0.001
704,0.0139649701754
705,0.070097327483
706,0.001
707,0.0470774465459
708,0.001
709,0.16665311811
710,0.00898846341498
711,0.11523976763
712,0.001
713,0.213606357641
714,0.0222466642832
715,0.001
716,0.13376642536
717,0.208321882214
718,0.206234853207
719,0.260099593985
720,0.225845581866
721,0.244544728904
722,0.221173829514
723,0.187185915028
724,0.130708947697
725,0.001
726,0.249557896898
727,0.001
728,0.001
729,0.001
730,0.466596302749
731,0.283458597025
732,0.357468218552
733,0.560709128182
734,0.496272873415
735,0.48966897119
736,0.609206181377
737,0.423154614281
738,0.334903059272
739,0.684226703533
740,1.8438026429
741,0.186617256678
742,0.0574924935733
743,0.346596155817
744,0.331737079731
745,0.628308178698
746,0.934389392442
747,0.246331455578
748,0.487461069965
749,0.136624982451
750,0.267670903613
751,0.202488168159
752,0.0859378699337
753,0.523917322176
754,0.317852776592
755,0.188276582045
756,0.001
757,0.212133884413
758,0.353057348784
759,0.158053649676
760,0.0867871211016
761,0.001
762,0.001
763,0.001
764,0.0755572851796
765,0.001
766,0.214509510947
767,0.186452290924
768,0.112551593423
769,0.0794287834847
770,0.001
771,0.001
772,0.179220385797
773,0.300606909068
774,0.001
775,0.0681925885194
776,0.235179937231
777,0.123269980222
778,0.273630355445
779,0.297470472576
780,0.226568535589
781,0.18844202534
782,0.001
783,0.001
784,0.001
785,0.0352961607072
786,0.12562168289
787,0.215958061139
788,0.685382434803
789,0.147508865576
790,0.942680167249
791,0.541530362586
792,0.582468027856
793,0.765386807225
794,0.619931041969
795,1.40016466674
796,1.22183249246
797,0.479043369784
798,0.001
799,0.2556824183
800,0.531509166923
801,0.707525449534
802,0.956462148674
803,0.653403844183
804,0.723950043835
805,0.394292625036
806,0.38130462132
807,0.229097301234
808,0.502063913566
809,1.36098637606
810,0.387428512667
811,0.4719657921
812,0.772532524064
813,0.590079743415
814,0.682212341397
815,0.62358970479
816,0.125171814409
817,0.568630612172
818,0.001
819,0.0587890061789
820,0.0745259477195
821,0.001
822,0.0469638337204
823,0.190622218574
824,0.001
825,0.105024647515
826,0.190524925228
827,0.095889584839
828,0.231720202294
829,0.001
830,1.09109663354
831,0.380065830723
832,0.349022076268
833,0.47667789163
834,0.188276582045
835,0.324127529661
836,0.477065904384
837,0.346596155817
838,1.01368658771
839,0.76053368919
840,0.428204290546
841,1.15407827517
842,0.157822359982
843,0.001
844,0.001
845,0.0801655841855
846,0.596202810985
847,0.559169613949
848,0.930365544514
849,0.874704242838
850,0.973624248558
851,0.458257798783
852,0.611775299568
853,0.880630259255
854,1.10717212309
855,1.41784356335
856,2.1279535239
857,0.5215631826
858,0.407890056811
859,1.11561311793
860,0.664872162101
861,0.879970220579
862,0.412375625994
863,0.375386010683
864,0.0803792418244
865,0.391210896579
866,0.904341805731
867,0.632645912239
868,0.601154789493
869,0.0663095398818
870,0.208921781675
871,0.202329650235
872,0.228241480894
873,0.445582256881
874,0.152314937585
875,0.302578053548
876,0.377109115462
877,0.085546210384
878,0.0482795859571
879,0.0585681001628
880,0.001
881,0.001
882,0.001
883,0.216048393941
884,0.0694894197892
885,0.001
886,0.263302040397
887,0.001
888,0.001
889,0.352373929886
890,0.250667763167
891,0.001
892,0.553007323957
893,0.001
894,0.001
895,0.235188425122
896,0.17949992283
897,0.0399649281203
898,0.271656713934
899,0.306640049012
900,0.0399010803508
901,0.0277107391989
902,0.200879318995
903,0.0726704173087
904,0.160118550271
905,0.253891877696
906,0.0623083384052
907,0.001
908,0.0628602267836
909,0.125006848655
910,0.234776998452
911,0.368150660748
912,0.295850554643
913,0.831595523185
914,0.76521665627
915,0.459524235386
916,0.43921412173
917,0.721475045686
918,0.001
919,0.672802060089
920,0.25001369731
921,0.24495619984
922,1.04725573755
923,0.639322229472
924,0.631478597144
925,0.352255656932
926,0.001
927,0.647843762697
928,0.244423886453
929,0.524287172809
930,0.294888752771
931,0.268469701575
932,0.331133724902
933,0.296420825719
934,0.191354706211
935,0.123635298064
936,0.249067076403
937,0.362943828426
938,0.416454395845
939,0.260181800387
940,0.001
941,0.0361982525272
942,0.176787649733
943,0.001
944,0.11414625138
945,0.001
946,0.001
947,0.0896833880501
948,0.001
949,0.0560708621121
950,0.292811974562
951,0.13706212194
952,0.115671455817
953,0.001
954,0.001
955,0.200092668802
956,0.0834304687485
957,0.145555985004
958,0.147440701016
959,0.165088563472
960,0.0681780553686
961,0.171350252867
962,0.196426023231
963,0.109532722705
964,0.134130269123
965,0.0847758465651
966,0.001
967,0.026845091662
968,0.001
969,0.001
970,0.0801729348308
971,0.117080536793
972,0.31145233119
973,0.391225023208
974,0.623660326035
975,1.01132415414
976,0.619891302236
977,0.739851886238
978,0.634130269123
979,0.460396006459
980,0.531705199136
981,0.0859576926782
982,0.81536227623
983,0.680461079997
984,0.593415540431
985,0.519626986814
986,0.348090093568
987,0.435937327535
988,0.360758483649
989,0.688368678967
990,0.507788737629
991,0.326628214526
992,0.462662904683
993,0.321105898066
994,0.698640710782
995,0.265069086084
996,0.581121288701
997,0.405807196811
998,0.001
999,0.382514685053
1000,1.11816078695
1001,0.239368445792
1002,0.607467754923
1003,0.114562330988
1004,0.001
1005,0.182555198492
1006,1.07623766686
1007,0.012025991206
1008,0.001
1009,0.001
1010,0.001
1011,0.001
1012,0.001
1013,0.159373302562
1014,0.001
1015,0.001
1016,0.0242388853545
1017,0.116742790849
1018,0.392280413612
1019,0.0792015153245
1020,0.127401590954
1021,0.001
1022,0.001
1023,0.166606321084
1024,0.307244516494
1025,0.211206328217
1026,0.539728142156
1027,0.001
1028,0.196273227204
1029,0.113300982074
1030,0.001
1031,0.376443867203
1032,0.302172994471
1033,0.001
1034,0.0433790539863
1035,0.001
1036,0.102414349163
1037,0.526773995185
1038,0.63048778827
1039,0.772646245149
1040,0.71270462623
1041,0.676056227318
1042,0.684112533002
1043,0.620883537991
1044,0.518568330288
1045,0.511468141292
1046,0.443929691295
1047,0.375203583898
1048,0.763705196165
1049,0.285714285714
1050,0.508032548914
1051,0.56321108217
1052,0.4041268236
1053,0.612403280928
1054,0.418804248339
1055,0.552301575219
1056,1.63744149849
1057,0.001
1058,1.02136229715
1059,0.0541776589851
1060,0.3879372984
1061,0.001
1062,0.428282210757
1063,0.580950138828
1064,0.820643045558
1065,0.414157657138
1066,0.467792515255
1067,0.552958742639
1068,0.285332278623
1069,0.177568403417
1070,0.393840774169
1071,0.180127557185
1072,0.001
1073,0.001
1074,0.0652926497545
1075,0.001
1076,0.001
1077,0.001
1078,0.0242388853545
1079,0.001
1080,0.0808231135109
1081,0.0199338658863
1082,0.001
1083,0.001
1084,0.122931692665
1085,0.168210312334
1086,0.001
1087,0.0785867213365
1088,0.188276582045
1089,0.211673211378
1090,0.094998630269
1091,0.451645607503
1092,0.328647113633
1093,0.159774651831
1094,0.199369478007
1095,0.291339648477
1096,1.62083546018
1097,1.01397119502
1098,0.740483010928
1099,0.563929181624
1100,0.103198591498
1101,0.320831376824
1102,0.001
1103,0.162318454394
1104,0.0315705653773
1105,0.127691011243
1106,0.951346412295
1107,0.539972355098
1108,0.830177329627
1109,0.642953206838
1110,0.43862445407
1111,0.773188690848
1112,0.875852828492
1113,1.20626540947
1114,0.950199885412
1115,0.848188813878
1116,0.546438036987
1117,1.16083213472
1118,0.143453152397
1119,0.001
1120,1.0
1121,0.378192729158
1122,0.327979688662
1123,0.738212798477
1124,1.2272808971
1125,0.515498707439
1126,0.272008757258
1127,0.23017318414
1128,0.493456379247
1129,0.0734542683506
1130,0.271663052002
1131,0.241677549878
1132,0.409585483498
1133,0.285714285714
1134,0.208921781675
1135,0.187221732421
1136,0.001
1137,0.100267155412
1138,0.436102839317
1139,0.001
1140,0.335461029301
1141,0.128136326639
1142,0.001
1143,0.076792504039
1144,0.182246048671
1145,0.0132136329695
1146,0.100427027389
1147,0.779796106617
1148,0.001
1149,0.0943695379435
1150,0.777880567735
1151,0.635058360604
1152,0.001
1153,0.440779069655
1154,0.236705819878
1155,0.160469561088
1156,0.200984093464
1157,0.096853037956
1158,0.0348634380661
1159,0.076792504039
1160,1.58029503157
1161,0.965621693807
1162,0.583709597499
1163,0.473457063742
1164,0.29878540417
1165,0.001
1166,0.001
1167,0.0462299699987
1168,0.298945311722
1169,0.145581044268
1170,0.329035071378
1171,0.001
1172,0.0675094445248
1173,0.178251806787
1174,0.535614748412
1175,0.456373243269
1176,0.744494957738
1177,0.101813619793
1178,0.363808940705
1179,0.432700468498
1180,0.567405904855
1181,0.297644232542
1182,0.838012884435
1183,0.435064676373
1184,0.174468903601
1185,0.392234680768
1186,0.781842923102
1187,0.128212218726
1188,0.001
1189,0.38572577593
1190,0.506045654479
1191,0.001
1192,0.858477553778
1193,0.465488762865
1194,0.356189567281
1195,0.127691011243
1196,0.137553653781
1197,0.24122020835
1198,0.001
1199,0.182877113743
1200,0.001
1201,0.447175734172
1202,0.202786401657
1203,0.081155395835
1204,0.18844956602
1205,0.130834593083
1206,0.364906391219
1207,0.523492093123
1208,1.15952243459
1209,0.231285200827
1210,0.243777021374
1211,0.232911668357
1212,0.0638133272783
1213,0.001
1214,0.0584125311732
1215,0.119928672449
1216,0.13084595034
1217,0.001
1218,0.0588872588957
1219,0.151091240213
1220,0.077103739318
1221,0.235200108051
1222,0.001
1223,0.0260231829196
1224,0.113606048087
1225,0.268193834785
1226,0.001
1227,0.437768184337
1228,0.675844684361
1229,0.439265236839
1230,0.283076666097
1231,0.247626664504
1232,0.220203893383
1233,0.001
1234,0.001
1235,0.297481813977
1236,0.001
1237,0.20962451517
1238,0.327074251379
1239,0.130842899084
1240,0.00816161859612
1241,0.196778354432
1242,0.122211943226
1243,0.745530925666
1244,0.479693731534
1245,0.38853081136
1246,0.473532158878
1247,0.434684863845
1248,0.502912027297
1249,0.187577561617
1250,0.0424842480931
1251,0.804507355833
1252,0.575922798991
1253,0.001
1254,0.489103062155
1255,0.001
1256,0.534927105241
1257,0.373115117628
1258,0.751411816271
1259,0.527668386799
1260,1.4907390084
1261,0.818659561103
1262,0.326628214526
1263,0.163468658261
1264,0.104699131859
1265,0.0277107391989
1266,0.152866154949
1267,0.352001367563
1268,0.001
1269,0.323951479762
1270,0.454784768008
1271,0.338007219787
1272,0.473084040672
1273,0.320837713432
1274,0.152596865053
1275,0.001
1276,0.485949839379
1277,0.385937399662
1278,0.161968847164
1279,0.289201253219
1280,0.325342209321
1281,0.00816161859612
1282,0.0454186011537
1283,0.001
1284,0.001
1285,0.001
1286,0.001
1287,0.001
1288,0.200874173571
1289,0.199401235029
1290,0.0231149849993
1291,0.224429767532
1292,0.0404958702034
1293,0.0428072156421
1294,0.482408900084
1295,0.321559866028
1296,0.306293179002
1297,0.766339887956
1298,0.595020408447
1299,0.61210920428
1300,0.185270734058
1301,0.27348812549
1302,0.165702837049
1303,0.001
1304,0.326830787623
1305,0.456349246391
1306,0.344533278586
1307,0.30190493574
1308,0.274304179122
1309,0.115113571542
1310,0.001
1311,0.001
1312,0.249843858458
1313,0.393377264398
1314,0.807446966341
1315,0.001
1316,0.526522319582
1317,0.0918038747134
1318,0.530790547305
1319,0.246523815953
1320,0.564829746134
1321,0.120452756374
1322,0.457474708054
1323,0.50640119075
1324,0.986004793444
1325,0.519452536492
1326,0.162764570268
1327,0.001
1328,1.45645089494
1329,0.509048704186
1330,0.779796106617
1331,0.289630663785
1332,0.178996987948
1333,0.0485028244738
1334,0.641142778045
1335,0.144112219252
1336,0.149592257879
1337,0.001
1338,0.269057374363
1339,0.338752329524
1340,1.17588946227
1341,0.56639380437
1342,0.406576965649
1343,0.145326928226
1344,0.0637167951461
1345,0.525089525932
1346,0.220203893383
1347,0.0610449587536
1348,0.471328859384
1349,0.251992389309
1350,0.317087087345
1351,0.001
1352,0.001
1353,0.174433774672
1354,0.0603039248397
1355,0.001
1356,0.001
1357,0.001
1358,0.001
1359,0.001
1360,0.0888133726385
1361,0.653403844183
1362,0.076792504039
1363,0.001
1364,0.18632291361
1365,0.710281160087
1366,0.576039689517
1367,0.894304216478
1368,1.08728729994
1369,0.884139259416
1370,0.772593985989
1371,1.41884460417
1372,0.680104398573
1373,0.181437646251
1374,0.001
1375,0.653403844183
1376,0.33615539206
1377,0.159962107564
1378,0.177462569014
1379,0.171320852726
1380,0.001
1381,0.001
1382,0.001
1383,0.001
1384,0.0874591077934
1385,1.37494894091
1386,0.123032081364
1387,0.159560301234
1388,0.813006906857
1389,0.857343597605
1390,0.62319312241
1391,1.17501850221
1392,0.314963159341
1393,0.341545560782
1394,0.702848538597
1395,0.466798234397
1396,0.996090683217
1397,1.0
1398,0.830334562017
1399,2.09259221716
1400,0.530668533359
1401,0.730907570234
1402,1.71099193595
1403,0.001
1404,0.443892691918
1405,1.70547655909
1406,0.495383437711
1407,0.334473088714
1408,0.203737329988
1409,0.58720350582
1410,0.858990649549
1411,0.320609966722
1412,0.300849036529
1413,0.194421549146
1414,0.001
1415,0.120415663125
1416,0.504100239959
1417,1.34266267102
1418,0.0543281084211
1419,0.500164313801
1420,0.423542782394
1421,0.30835397897
1422,0.298735727041
1423,0.001
1424,0.001
1425,0.0778798293121
1426,0.409673920443
1427,0.001
1428,0.323767476745
1429,0.081155395835
1430,0.181162309611
1431,0.133032405106
1432,0.163960309463
1433,0.0537570735625
1434,0.001
1435,0.001
1436,0.001
1437,0.258515703616
1438,0.691578922592
1439,0.267873214953
1440,0.220203893383
1441,1.06951636586
1442,0.680475751226
1443,1.18558682893
1444,1.36391937936
1445,1.46027185784
1446,0.448139601271
1447,0.382270480798
1448,0.49533589258
1449,0.232036766675
1450,0.927173550401
1451,0.674421553051
1452,0.001
1453,0.0242388853545
1454,0.256001866706
1455,0.335092070994
1456,0.338421510556
1457,0.001
1458,0.001
1459,0.839388319852
1460,0.378390583918
1461,0.081155395835
1462,0.186902451508
1463,0.001
1464,0.593312660703
1465,0.697691675509
1466,0.347032326678
1467,1.63745719384
1468,0.001
1469,0.481900100224
1470,0.627691011243
1471,0.819500364139
1472,0.981273342462
1473,1.08424005308
1474,0.5215631826
1475,0.58657914614
1476,0.108905745774
1477,0.0706787402341
1478,1.90550036532
1479,0.0231149849993
1480,0.526756713079
1481,0.162540371047
1482,0.419236037427
1483,0.382041069813
1484,0.716494073855
1485,0.473108496033
1486,0.327297679224
1487,0.336331686556
1488,0.001
1489,0.001
1490,0.478643814407
1491,0.402782077913
1492,0.997301860378
1493,0.0802835908536
1494,0.387744758931
1495,0.418980188848
1496,0.710237078006
1497,0.179948851207
1498,0.130080107597
1499,0.177577765801
1500,0.188455234349
1501,0.563800785074
1502,0.001
1503,0.0906525285935
1504,0.0894043983137
1505,0.0934390015016
1506,0.107470650168
1507,0.484178329336
1508,0.0953559563967
1509,0.0220115655436
1510,0.0233643806643
1511,0.001
1512,0.001
1513,0.0338070125122
1514,0.157304638666
1515,0.001
1516,0.0848558529854
1517,0.239867169232
1518,1.0
1519,0.325538274708
1520,0.001
1521,0.001
1522,0.001
1523,0.128686353223
1524,0.171605708253
1525,0.001
1526,0.0231149849993
1527,0.001
1528,0.001
1529,0.0543281084211
1530,0.159373302562
1531,0.675669791132
1532,0.0599486685602
1533,0.001
1534,0.104332318154
1535,0.220203893383
1536,0.599422918877
1537,0.221162619147
1538,0.001
1539,0.352087017572
1540,0.769495976454
1541,0.584062760786
1542,0.883468730378
1543,0.756914994261
1544,0.318458669054
1545,1.76200231727
1546,0.702736426032
1547,0.919918671512
1548,1.57788474874
1549,2.10381744373
1550,0.285714285714
1551,0.62451555715
1552,0.188276582045
1553,0.565591240646
1554,0.240181638135
1555,0.566274683536
1556,0.739853436974
1557,0.451691667491
1558,0.001
1559,0.448047805754
1560,0.435623786445
1561,0.539352775598
1562,0.492184922609
1563,0.483220577401
1564,0.224687630618
1565,0.001
1566,0.419889820603
1567,0.262214883766
1568,0.61397098438
1569,0.001
1570,0.465694815328
1571,0.656156834464
1572,0.224992879111
1573,0.001
1574,0.269250236183
1575,0.0230797179476
1576,0.154190836303
1577,0.001
1578,0.001
1579,0.130849200294
1580,0.001
1581,0.119926122981
1582,0.235188223283
1583,0.113708757926
1584,0.122283815389
1585,0.0270818760952
1586,0.001
1587,0.075370849069
1588,0.161212814968
1589,0.904807050473
1590,0.145743320878
1591,0.076532034339
1592,0.42591545006
1593,0.368295084237
1594,0.403715423488
1595,1.26959536842
1596,0.634435037021
1597,0.383943887384
1598,0.450893017209
1599,1.11421617086
1600,0.232036766675
1601,0.366159976944
1602,2.03028306164
1603,0.00536006809306
1604,0.0629174728685
1605,0.0114652379356
1606,0.197217571626
1607,0.275866861629
1608,0.687149167468
1609,0.001
1610,0.0482793101513
1611,0.653403844183
1612,0.753249295594
1613,0.380682204015
1614,0.154222202459
1615,0.29924348536
1616,0.779032719204
1617,0.780093994673
1618,0.5299273257
1619,0.169414700491
1620,0.467273787337
1621,0.763245400533
1622,0.417922393533
1623,0.47228246663
1624,2.33624555479
1625,1.04013346282
1626,0.114784354198
1627,0.63274074863
1628,1.45083792805
1629,0.604625038827
1630,0.076792504039
1631,0.561030112967
1632,0.450814824307
1633,0.621618639462
1634,0.329987276866
1635,0.329833150411
1636,0.256803636644
1637,0.602812790664
1638,1.21797479408
1639,0.140340889355
1640,0.117080536793
1641,0.185336055926
1642,0.001
1643,0.331395398645
1644,0.316793966879
1645,0.566315465313
1646,0.515458629021
1647,0.58272156257
1648,0.743535144775
1649,3.2091978034
1650,0.001
1651,0.264789584752
1652,0.001
1653,0.331695007143
1654,0.104976867889
1655,0.284039544202
1656,0.386387919549
1657,0.001
1658,0.001
1659,0.0817487083202
1660,0.001
1661,0.144860058955
1662,0.192251649871
1663,0.001
1664,0.233651196709
1665,0.331162380632
1666,0.767963233325
1667,0.453226857182
1668,0.001
1669,0.211526661007
1670,0.405389936154
1671,0.704698020939
1672,0.880936861298
1673,0.691017840428
1674,0.416162189759
1675,0.423958266441
1676,0.001
1677,0.219494885956
1678,0.56924155495
1679,0.407825572792
1680,0.236053872865
1681,0.001
1682,0.118911273872
1683,0.39087453517
1684,0.38156337049
1685,0.0220115655436
1686,0.0140146317743
1687,0.0840764818446
1688,0.181971739497
1689,0.693076754181
1690,0.133539592496
1691,0.423940593866
1692,0.481017379597
1693,0.645094810456
1694,0.155371162355
1695,0.346053867452
1696,0.430810669658
1697,0.657600451664
1698,0.715536402897
1699,2.04348509349
1700,1.48483921189
1701,0.576312279344
1702,0.562208537495
1703,0.973108165127
1704,0.336073295639
1705,0.37112546285
1706,0.584899621069
1707,1.63172564351
1708,0.322451374548
1709,0.240010957848
1710,0.21871404456
1711,0.070184141988
1712,0.381799322397
1713,0.265869730877
1714,0.430090370832
1715,0.479747072446
1716,0.581322733218
1717,0.41784356335
1718,0.308646142057
1719,0.271682952649
1720,0.598579416083
1721,0.746357884412
1722,0.286540986953
1723,0.440248159686
1724,0.469861827833
1725,0.891174563943
1726,0.304378681557
1727,0.113092109759
1728,0.735045279789
1729,0.493871862644
1730,0.0845960093656
1731,0.0234405710403
1732,0.0993964127091
1733,0.0983502116852
1734,0.0898718342296
1735,0.159373302562
1736,0.264360638506
1737,0.0231149849993
1738,0.288088247821
1739,0.122211943226
1740,0.624594614499
1741,0.609315780842
1742,1.06482436439
1743,0.649471763267
1744,0.619821308795
1745,2.05789310171
1746,0.652814102801
1747,0.198577877778
1748,0.768535381496
1749,1.04213022719
1750,1.37282239799
1751,0.693110445502
1752,0.918496387897
1753,0.652837356078
1754,0.353064068678
1755,1.09918790688
1756,0.42843594128
1757,0.982854182371
1758,0.238803953371
1759,0.386692590324
1760,0.132947873874
1761,1.43472231141
1762,0.001
1763,0.0941592146873
1764,0.0770848734517
1765,0.394947407302
1766,0.414148332548
1767,0.281980510338
1768,1.82875769599
1769,0.195507992608
1770,0.700300581193
1771,0.552983508415
1772,1.71580956909
1773,0.65263376351
1774,0.745658779137
1775,0.159887752435
1776,2.82401726595
1777,1.30500136973
1778,0.202308324491
1779,0.29580925656
1780,1.96499009763
1781,0.544940945892
1782,0.209978338006
1783,0.703699263524
1784,0.987895175617
1785,0.247870338573
1786,0.730220022904
1787,0.841146050743
1788,0.220203893383
1789,0.423680943392
1790,0.835073357207
1791,0.293652680147
1792,0.127464599862
1793,0.443915356764
1794,0.43570066652
1795,0.001
1796,0.0696649909321
1797,0.721144185779
1798,0.493871015878
1799,0.77748717759
1800,0.355235121051
1801,0.583822401949
1802,0.872041222951
1803,0.001
1804,0.001
1805,1.37949021831
1806,1.28038693448
1807,0.0756127449392
1808,0.204389531301
1809,0.0505633838124
1810,0.11514747049
1811,0.132591386128
1812,0.0909668613099
1813,0.140199801606
1814,0.191557400346
1815,0.775020545966
1816,0.498116287726
1817,1.02174751652
1818,0.996799767169
1819,0.471858971987
1820,0.001
1821,0.460271857844
1822,0.356678950003
1823,0.205878198212
1824,0.356645481863
1825,0.50902158461
1826,0.794361486019
1827,0.837946681373
1828,0.640759397221
1829,0.001
1830,0.302097626989
1831,0.469015208666
1832,0.34042684859
1833,0.261885251274
1834,1.04102754896
1835,0.001
1836,0.0463910819693
1837,0.0890300590714
1838,0.589304826621
1839,0.001
1840,0.001
1841,0.275979301165
1842,0.001
1843,0.001
1844,0.339068784794
1845,0.565271699214
1846,0.533278344749
1847,0.36419648829
1848,0.369809940665
1849,0.425544234386
1850,0.95169641651
1851,0.627537440722
1852,0.503990804591
1853,1.01555039383
1854,0.478930438496
1855,0.520044713964
1856,0.0941193112744
1857,0.527196681908
1858,0.26556341874
1859,0.822336997638
1860,1.03643829579
1861,0.79877124375
1862,0.583437083042
1863,0.346596155817
1864,0.384143966433
1865,0.563149291017
1866,0.516135236614
1867,0.001
1868,0.122211943226
1869,1.69687084249
1870,0.883658502221
1871,1.11748520205
1872,1.36008367242
1873,0.968230068352
1874,0.67513941191
1875,2.5537012542
1876,0.782015786657
1877,1.2849037549
1878,0.257115755701
1879,0.324149022406
1880,0.0637922414416
1881,0.0638590004445
1882,0.301241058627
1883,0.15264831046
1884,0.001
1885,0.208921781675
1886,0.421699800216
1887,0.191794225701
1888,0.001
1889,0.191200287423
1890,0.211210254999
1891,0.278550464378
1892,0.239875375973
1893,0.479783590924
1894,0.44700624128
1895,0.348974435283
1896,0.399505586271
1897,0.434507232958
1898,0.50496397426
1899,0.703557849065
1900,0.77241830537
1901,0.271503058004
1902,0.590284039063
1903,0.545455624325
1904,0.358797066861
1905,0.502741776641
1906,0.759185589183
1907,0.659519256255
1908,0.234624867369
1909,0.291334285212
1910,0.487803838312
1911,0.394066072647
1912,0.280348431196
1913,0.0934373165787
1914,0.0620225233919
1915,0.001
1916,0.001
1917,0.145680237106
1918,0.081155395835
1919,0.123825291789
1920,0.001
1921,0.0039021426585
1922,0.218542753235
1923,0.001
1924,0.328982884753
1925,0.773418883178
1926,0.383643111968
1927,1.61024918532
1928,0.159373302562
1929,0.916727418982
1930,0.701645713015
1931,1.16343842906
1932,0.380081462223
1933,0.34259120521
1934,0.0368401122179
1935,0.751447073621
1936,0.366679487976
1937,0.286534773801
1938,1.43825921399
1939,0.20844551979
1940,0.604237278903
1941,1.14847573104
1942,0.869137155916
1943,2.37173192359
1944,1.24765049389
1945,0.26053368919
1946,2.96944239413
1947,2.03278079445
1948,1.29036604914
1949,1.56501226954
1950,0.456385388118
1951,0.90211283374
1952,1.01652978203
1953,0.17546035497
1954,0.319524248774
1955,0.179096050812
1956,0.0358216660978
1957,0.0825426185737
1958,0.069254779443
1959,0.443714200847
1960,0.293374645629
1961,0.15270674255
1962,0.319524248774
1963,0.108848577216
1964,0.0399010803508
1965,1.11992305689
1966,0.001
1967,0.169524577988
1968,0.230216522749
1969,0.437482878362
1970,0.385220638577
1971,0.23389742841
1972,0.770621744328
1973,0.402171558089
1974,1.0
1975,0.727796702568
1976,0.895623168523
1977,0.735150221005
1978,0.635456304907
1979,0.791155358163
1980,0.441238784888
1981,0.663585426335
1982,0.800679391919
1983,0.668194754049
1984,0.523332598546
1985,0.001
1986,0.378044397576
1987,0.218057863221
1988,0.001
1989,0.0335865854207
1990,0.001
1991,0.0448283136096
1992,0.001
1993,0.311531423734
1994,0.265661279394
1995,0.353547735961
1996,0.001
1997,0.001
1998,0.409985834812
1999,0.634768669893
2000,0.448109303312
2001,0.329074149017
2002,0.276048008929
2003,0.69941339734
2004,0.897612048895
2005,1.15863481966
2006,0.001
2007,0.875694690348
2008,0.001
2009,0.643106381372
2010,2.46573278791
2011,1.94868982085
2012,0.900679644609
2013,0.79915477032
2014,2.8019931744
2015,0.956158656105
2016,1.5354141338
2017,3.77431567061
2018,1.63528081069
2019,1.42530778865
2020,1.30673834725
2021,0.625769028314
2022,0.378730481333
2023,0.449793942315
2024,0.366256831818
2025,0.489225771617
2026,0.001
2027,0.001
2028,0.0575197409433
2029,0.001
2030,0.001
2031,0.001
2032,0.133952789912
2033,0.493007573764
2034,0.0169498353392
2035,0.249210405904
2036,0.001
2037,0.001
2038,0.188489964376
2039,0.27962090784
2040,0.179123544761
2041,0.180691561928
2042,0.117080536793
2043,0.265386799831
2044,0.244392594092
2045,0.393529937657
2046,0.373335627124
2047,0.303323329848
2048,0.886222437203
2049,0.685316465142
2050,0.62146009559
2051,0.550783371798
2052,0.202176079714
2053,0.642977768804
2054,0.902074816863
2055,0.397621728973
2056,0.509282024746
2057,0.244983295356
2058,0.704282298659
2059,0.547483295014
2060,0.205617826947
2061,0.902435007749
2062,0.081059735397
2063,0.0589765961547
2064,0.0304917477973
2065,0.228936880235
2066,0.572093168736
2067,0.844309844585
2068,0.368530677595
2069,0.604349326413
2070,0.001
2071,0.587340880315
2072,0.704917294575
2073,0.392697450057
2074,0.344167707867
2075,0.152455152546
2076,1.04832297074
2077,2.60610074274
2078,1.66202148268
2079,1.1614731359
2080,0.67113219892
2081,0.284884265301
2082,0.24189213269
2083,1.53556388667
2084,0.560401456535
2085,1.47444991289
2086,1.06799596494
2087,0.624878644904
2088,1.22046677474
2089,2.75207046393
2090,2.54991778194
2091,3.4302057262
2092,1.54665433187
2093,0.888856935155
2094,0.362063832149
2095,0.753889698146
2096,0.551357333498
2097,0.0688344313101
2098,0.001
2099,0.223579684012
2100,0.396630304814
2101,0.075370849069
2102,0.186107551982
2103,0.367514119175
2104,0.232036766675
2105,0.187620548801
2106,0.550649642574
2107,0.529622869898
2108,0.775667562592
2109,0.562659209367
2110,0.32243996093
2111,0.344961003425
2112,0.283374524936
2113,0.508420178331
2114,0.263186307802
2115,0.276502752213
2116,0.708788410813
2117,0.427424809656
2118,0.561359043688
2119,1.82500726087
2120,0.816194093748
2121,0.218331425155
2122,0.657900472655
2123,0.728951152366
2124,1.18835613365
2125,1.02116268042
2126,0.765449834412
2127,0.61096865381
2128,0.411710632187
2129,0.665557920855
2130,0.611409981726
2131,0.278802695031
2132,0.653403844183
2133,0.123269980222
2134,0.226203217748
2135,0.21384579263
2136,0.347256088685
2137,0.401284932104
2138,0.467832842437
2139,0.376938063245
2140,0.25839995894
2141,0.210592817864
2142,0.193998701027
2143,0.351541636111
2144,0.408784516926
2145,1.42358071514
2146,0.150964854673
2147,1.18998670172
2148,1.13637950276
2149,1.52543825017
2150,1.3650235918
2151,0.864510575899
2152,0.578422742581
2153,0.710223856822
2154,0.800521341044
2155,0.56642853748
2156,0.559721165267
2157,0.539728142156
2158,1.55452321181
2159,0.873463753515
2160,2.24186890702
2161,1.86323200763
2162,1.08880834691
2163,0.420399085695
2164,0.171563141957
2165,0.001
2166,0.001
2167,0.001
2168,0.001
2169,0.253356271955
2170,0.269468365702
2171,0.329376920065
2172,0.260016436772
2173,0.489112086589
2174,0.0242388853545
2175,0.001
2176,0.273203450547
2177,0.281279833015
2178,0.243662220365
2179,0.318631234045
2180,0.001
2181,0.0706787402341
2182,0.217109469514
2183,0.260982123937
2184,0.001
2185,0.454787563246
2186,0.081155395835
2187,0.206415576281
2188,0.0904596739199
2189,0.251442702807
2190,0.509492972537
2191,0.167843767764
2192,0.314033064028
2193,0.697680792852
2194,0.517097293222
2195,0.648165829959
2196,0.337087455051
2197,0.112203612935
2198,0.10629805994
2199,0.001
2200,0.0358187240178
2201,0.001
2202,0.001
2203,0.0807498383252
2204,0.0231149849993
2205,0.16819497584
2206,0.244535284038
2207,0.106442527953
2208,0.0696339813622
2209,0.328646070629
2210,0.001
2211,0.001
2212,0.188276582045
2213,0.275848247488
2214,2.12755874014
2215,3.19828952161
2216,0.134245133385
2217,1.9998665556
2218,3.34574218022
2219,0.574117640294
2220,1.00522142374
2221,1.62274136185
2222,0.507969258222
2223,0.680475751226
2224,1.20004649327
2225,0.952604739871
2226,0.828702751475
2227,0.472954925512
2228,1.42191601234
2229,0.961864395629
2230,1.45199251887
2231,0.712328082241
2232,0.170498226885
2233,0.0281734930894
2234,0.144868552191
2235,0.001
2236,0.001
2237,0.157853577643
2238,0.222105228126
2239,0.001
2240,0.430230683129
2241,0.528058847719
2242,0.493479364811
2243,0.127882618953
2244,0.389370507658
2245,0.289705787475
2246,0.001
2247,0.001
2248,0.261670419019
2249,0.108233449055
2250,0.29279709201
2251,0.323551074394
2252,0.154218230924
2253,0.204291624475
2254,0.121308724475
2255,3.33544969614
2256,0.868041528257
2257,0.394639572131
2258,0.512108601478
2259,0.610565895589
2260,0.001
2261,0.258183890018
2262,0.001
2263,0.281138130277
2264,0.820764241684
2265,0.36270057332
2266,0.443912919176
2267,0.675268546917
2268,0.180705228399
2269,0.33360351027
2270,0.21824536191
2271,0.235971389989
2272,0.228406600498
2273,0.320837138719
2274,0.563150066174
2275,0.31618498727
2276,0.367393754706
2277,0.453366507807
2278,0.452929044614
2279,0.464356501164
2280,1.84712300357
2281,0.001
2282,0.001
2283,0.199723298145
2284,0.319524248774
2285,1.90195572235
2286,2.65908979146
2287,3.18879636446
2288,2.84119309963
2289,4.36390650218
2290,1.0382984598
2291,2.08666250817
2292,1.41273127008
2293,2.30680768837
2294,1.06236859365
2295,1.14491564016
2296,0.122211943226
2297,0.184060357835
2298,0.117864877228
2299,0.001
2300,1.47896863143
2301,0.274145674564
2302,0.193932908776
2303,0.541436660606
2304,0.446594426257
2305,0.344308714078
2306,0.553283823673
2307,0.622814103334
2308,0.377540502203
2309,0.102414349163
2310,0.201810761873
2311,0.001
2312,0.186909201725
2313,0.394336834359
2314,0.256277648794
2315,0.0482792356342
2316,1.33854308101
2317,0.0706787402341
2318,0.255457006383
2319,0.308886886353
2320,0.236757566193
2321,0.304378681557
2322,0.599476107839
2323,0.616985559817
2324,0.293314071282
2325,0.296738224956
2326,0.399668149089
2327,0.166593725217
2328,0.117080536793
2329,2.06684326235
2330,0.0740183493624
2331,0.001
2332,0.213077494676
2333,0.001
2334,0.171293536324
2335,0.223118609931
2336,0.345936373153
2337,0.800858673475
2338,0.320831271267
2339,0.453345668128
2340,0.535195038582
2341,0.001
2342,0.858560036655
2343,0.774834558977
2344,0.577216865912
2345,2.1572134571
2346,2.3353258987
2347,5.7614282576
2348,13.7489450005
2349,10.2386921289
2350,4.0
2351,4.19062322226
2352,2.81675030438
2353,5.96218778816
2354,1.01664634736
2355,0.187955692919
2356,0.0576233571041
2357,0.001
2358,0.0388641136492
2359,0.653403844183
2360,0.001
2361,0.41784356335
2362,0.422289723089
2363,0.220203893383
2364,1.04436388073
2365,0.63776189586
2366,0.524262085215
2367,0.188276582045
2368,0.420870699902
2369,0.35899130209
2370,0.0596071335214
2371,0.001
2372,1.85685319625
2373,0.0330874988524
2374,0.131752350665
2375,1.21388668439
2376,0.120859907747
2377,0.308960539181
2378,1.31773590485
2379,0.265249010845
2380,1.05288032597
2381,0.719294055377
2382,0.893156771923
2383,0.293805406863
2384,0.0526610345109
2385,0.103298555368
2386,0.850544031848
2387,0.375255292522
2388,0.962544167749
2389,0.271116537746
2390,0.47307644819
2391,0.370175258507
2392,0.457821726022
2393,0.676940250478
2394,0.470074264491
2395,0.215073854935
2396,0.748474814316
2397,0.61282716524
2398,1.10145640012
2399,0.900092510962
2400,0.141684739989
2401,0.99009858985
2402,0.853257375896
2403,0.865150173414
2404,1.92437467928
2405,1.83506373873
2406,3.26569250577
2407,4.51544421721
2408,4.49382553658
2409,6.26088692303
2410,6.38799177195
2411,13.1952932175
2412,0.327315190141
2413,0.279582405707
2414,0.545339443803
2415,0.001
2416,0.001
2417,0.127691011243
2418,0.254587459333
2419,0.220203893383
2420,0.732067607274
2421,0.33581149362
2422,0.282395776599
2423,1.55546724857
2424,0.437317912609
2425,0.5576801452
2426,0.726672834064
2427,0.698640710782
2428,0.210087048828
2429,0.297151461403
2430,0.349223788639
2431,0.164735468048
2432,0.260125521075
2433,0.268521430533
2434,0.308659352971
2435,0.306845161249
2436,0.291450940539
2437,0.327061591186
2438,1.24608314101
2439,0.889921812395
2440,0.614842698844
2441,0.698640710782
2442,0.649228170732
2443,0.830161192022
2444,0.779796106617
2445,0.533828031251
2446,0.656684563263
2447,0.651899663253
2448,0.800426010795
2449,0.472221644946
2450,0.480589693054
2451,0.945505398547
2452,0.509908121736
2453,0.549992471133
2454,0.001
2455,0.218069613855
2456,0.599320355391
2457,0.501940285564
2458,1.03648484341
2459,0.500365317842
2460,0.359701841509
2461,0.481351588352
2462,0.001
2463,0.259944510364
2464,0.220203893383
2465,1.993781142
2466,2.3409146506
2467,4.38638462327
2468,1.03105197229
2469,0.001
2470,0.196247403426
2471,0.001
2472,0.285021047953
2473,0.001
2474,0.0246028442664
2475,0.0259639097951
2476,0.159429480569
2477,0.372243044481
2478,0.244551766428
2479,0.120871163793
2480,0.001
2481,0.139983563228
2482,0.402257227663
2483,0.377172240612
2484,0.266386267565
2485,0.253893516269
2486,0.271812570936
2487,0.671287430634
2488,0.191820445388
2489,0.0596071335214
2490,0.433016590459
2491,0.292607822901
2492,0.383659556689
2493,0.886233437216
2494,0.368617961231
2495,0.722616796968
2496,0.289193605565
2497,0.490040872977
2498,0.230105360406
2499,1.29497248987
2500,1.09537773853
2501,0.450832412022
2502,0.467277482168
2503,0.552533483888
2504,0.653403844183
2505,0.772164228829
2506,0.640440632075
2507,0.477647321002
2508,0.763705196165
2509,0.266723132619
2510,0.36945817112
2511,1.55741571473
2512,0.623472623536
2513,1.13084264899
2514,0.319524248774
2515,0.0686388260249
2516,0.0874886366692
2517,0.32866675382
2518,0.001
2519,0.001
2520,0.001
2521,0.369503284407
2522,0.684707003394
2523,1.04119251471
2524,0.0918857072501
2525,0.001
2526,0.001
2527,0.175444561522
2528,0.001
2529,0.001
2530,0.0607418183837
2531,0.287113086894
2532,0.563797502129
2533,0.40925560279
2534,0.419878025059
2535,0.474386955949
2536,0.393264646434
2537,0.001
2538,0.281914731605
2539,0.001
2540,0.197456459675
2541,0.263130092607
2542,0.001
2543,0.317504794059
2544,0.798182974873
2545,0.422125150822
2546,1.01398712533
2547,0.595865078573
2548,0.327081161765
2549,0.695305038509
2550,0.662044865942
2551,0.893385785473
2552,0.316180856209
2553,0.0160414941411
2554,0.001
2555,0.619652129537
2556,0.562260101932
2557,0.223778592298
2558,0.42588616765
2559,0.496539165807
2560,0.317467661536
2561,0.679039258245
2562,0.340897254571
2563,0.001
2564,0.001
2565,0.650753659734
2566,0.001
2567,0.0371377306821
2568,0.001
2569,0.001
2570,1.89814769494
2571,0.001
2572,0.001
2573,0.049768078052
2574,0.001
2575,0.001
2576,0.339559763007
2577,0.001
2578,0.001
2579,0.001
2580,0.001
2581,0.17578220864
2582,0.00613977034116
2583,0.165023549861
2584,0.392972152948
2585,0.413102638941
2586,1.73562933479
2587,2.64401767721
2588,0.69828977086
2589,1.69442533647
2590,0.538678319936
2591,0.989089955754
2592,0.39162386205
2593,0.430560335576
2594,0.801343008471
2595,0.757646550722
2596,0.988568255041
2597,0.293397806214
2598,0.615584375069
2599,0.436439111733
2600,0.342966163159
2601,0.941889422819
2602,0.988066299144
2603,0.674462044845
2604,0.72117040106
2605,0.356719844251
2606,0.398775144636
2607,0.241539313789
2608,0.001
2609,0.001
2610,0.0181638656981
2611,0.001
2612,0.165505173903
2613,0.122147742859
2614,0.278535147878
2615,0.0794373469497
2616,0.385119235591
2617,0.001
2618,0.001
2619,0.085671944125
2620,0.115957526577
2621,0.001
2622,0.001
2623,0.628760438795
2624,0.102608160442
2625,0.177122473881
2626,0.001
2627,0.361301859837
2628,0.222377668229
2629,0.259705091123
2630,0.921538774411
2631,0.522635862118
2632,1.03978846745
2633,1.09545187226
2634,0.646437157717
2635,0.185760633902
2636,0.341070612615
2637,0.403117061458
2638,0.476085413833
2639,0.728018003573
2640,0.630981480689
2641,0.255448708324
2642,0.28042324163
2643,0.621927569425
2644,0.736670844544
2645,0.761631147061
2646,1.55904145165
2647,0.471991947179
2648,0.382778438868
2649,0.144908676062
2650,0.001
2651,0.001
2652,0.266886621005
2653,0.116350631813
2654,0.001
2655,0.001
2656,0.001
2657,0.001
2658,0.116812041677
2659,0.344533278586
2660,0.127691011243
2661,0.169901959181
2662,0.457898652959
2663,0.258034641098
2664,0.197800950347
2665,0.001
2666,0.626279344852
2667,0.44095854835
2668,0.0727947043511
2669,0.175195933705
2670,0.44076787721
2671,0.001
2672,0.356659151821
2673,0.451551099849
2674,0.53492413065
2675,0.001
2676,0.672844237006
2677,0.55133188336
2678,0.867747553687
2679,0.310469626921
2680,0.0918038747134
2681,0.630835366775
2682,0.288154222505
2683,0.001
2684,0.001
2685,0.0993964127091
2686,0.001
2687,0.001
2688,0.001
2689,0.001
2690,0.0344141554995
2691,0.313054027696
2692,0.188276582045
2693,0.213386408998
2694,0.151411008235
2695,0.0132136329695
2696,0.375372741948
2697,0.001
2698,0.188276582045
2699,1.68219507517
2700,0.208921781675
2701,0.376910888351
2702,0.196678779382
2703,0.214716335718
2704,0.179178112037
2705,0.45808026149
2706,0.427890886733
2707,0.001
2708,0.399668149089
2709,0.21374006945
2710,0.533689199469
2711,0.557382197093
2712,1.25442603243
2713,0.169778303614
2714,0.001
2715,0.001
2716,0.001
2717,0.001
2718,0.001
2719,0.205530453839
2720,0.001
2721,0.593405247484
2722,0.31551400753
2723,0.32888976661
2724,0.001
2725,0.309938464251
2726,0.236165806601
2727,0.830290200648
2728,0.001
2729,0.864586034512
2730,0.32277902772
2731,0.298225378068
2732,0.386096038678
2733,0.383165672434
2734,1.30332757859
2735,0.935887309526
2736,1.34880698302
2737,0.001
2738,0.001
2739,0.001
2740,0.001
2741,0.0488621024516
2742,0.001
2743,0.981165728651
2744,0.43693619753
2745,0.896246884019
2746,1.5855686671
2747,0.407957489856
2748,0.633743372355
2749,0.633915292441
2750,0.230377512117
2751,1.53673699746
2752,1.23461919203
2753,0.609122199835
2754,1.36220851593
2755,0.588760785277
2756,0.822001228391
2757,0.107472862501
2758,0.102123030135
2759,0.58823435598
2760,0.563946127135
2761,0.870680813333
2762,0.187611597051
2763,0.001
2764,0.001
2765,0.001
2766,0.187029372047
2767,0.001
2768,0.758724732398
2769,0.001
2770,0.208921781675
2771,0.188276582045
2772,0.34423772481
2773,0.216670153537
2774,0.612954442281
2775,0.711799553563
2776,0.590293407342
2777,0.694737112239
2778,0.443987522841
2779,0.291823867133
2780,0.001
2781,0.001
2782,0.001
2783,0.527490451498
2784,0.349330046682
2785,0.001
2786,0.0631278032561
2787,0.001
2788,0.001
2789,0.001
2790,0.001
2791,0.0337901720431
2792,0.214940625211
2793,0.978602781996
2794,0.39719836372
2795,0.183755843008
2796,0.353375340628
2797,0.21337434509
2798,0.560699785222
2799,0.847704785561
2800,0.652886610498
2801,0.855092356199
2802,0.841087431374
2803,0.927703284841
2804,0.956295219864
2805,0.001
2806,0.0763198919041
2807,0.195823605442
2808,0.001
2809,0.330624375294
2810,0.356701406713
2811,0.001
2812,0.573646628725
2813,0.261405327224
2814,0.362948222696
2815,0.716432852451
2816,0.001
2817,0.315888743931
2818,0.782401375977
2819,0.866969103881
2820,0.486461360764
2821,0.0683392520564
2822,0.001
2823,0.120287246357
2824,0.319524248774
2825,0.157092796558
2826,0.145412195536
2827,0.0661644756223
2828,0.199915149301
2829,0.548832140444
2830,0.320869434933
2831,0.0708366422445
2832,0.463633431055
2833,0.165842336257
2834,0.870812294793
2835,0.40515772682
2836,0.656567559878
2837,0.785568430607
2838,0.803465338103
2839,0.431965351341
2840,0.048604535753
2841,0.001
2842,0.001
2843,0.001
2844,0.328642328058
2845,0.127811220469
2846,0.342675434358
2847,0.274151615529
2848,0.195206051035
2849,0.214303961507
2850,0.316413060735
2851,0.240556179557
2852,0.367589266424
2853,0.346596155817
2854,0.699354099342
2855,0.451291002127
2856,1.03576033806
2857,0.965034797403
2858,0.900150240366
2859,0.001
2860,0.001
2861,0.001
2862,0.001
2863,0.155243698134
2864,0.001
2865,0.001
2866,0.001
2867,0.001
2868,0.001
2869,0.001
2870,0.001
2871,0.0855263266878
2872,0.001
2873,0.001
2874,0.001
2875,0.001
2876,0.182686740848
2877,0.435657014614
2878,0.487492218492
2879,0.552913178158
2880,0.280499897301
2881,0.354624864674
2882,0.683795294794
2883,1.21476502422
2884,0.364330847883
2885,0.226573926715
2886,0.160190589211
2887,0.001
2888,0.001
2889,0.001
2890,0.00860678699431
2891,0.001
2892,0.188493606021
2893,0.211822170255
2894,0.122211943226
2895,1.3156338801
2896,0.943375253644
2897,0.818576229018
2898,0.377026632585
2899,0.741632323719
2900,0.478180794831
2901,0.376553164089
2902,0.001
2903,0.241422642995
2904,0.001
2905,0.0903483952251
2906,0.001
2907,0.001
2908,0.001
2909,0.001
2910,0.0444022777004
2911,0.001
2912,0.819379324211
2913,0.494597151964
2914,0.16758592533
2915,0.197377379948
2916,0.134245772514
2917,0.48890219684
2918,0.0798021607016
2919,0.001
2920,0.119136622577
2921,0.230276424047
2922,0.196252429277
2923,0.001
2924,0.001
2925,0.001
2926,0.0256953338691
2927,0.0825404318395
2928,0.001
2929,0.001
2930,0.001
2931,0.259187433005
2932,0.314978605037
2933,0.236165806601
2934,0.001
2935,0.001
2936,0.0685310336242
2937,0.0611696021504
2938,0.181453296061
2939,0.001
2940,0.001
2941,0.001
2942,0.001
2943,0.001
2944,0.154677140558
2945,0.731508454973
2946,0.0231149849993
2947,0.001
2948,0.09779471508
2949,0.316163759446
2950,0.0857740341251
2951,0.0996792369007
2952,0.0948194048801
2953,0.167683457123
2954,0.001
2955,0.001
2956,0.001
2957,0.001
2958,0.001
2959,0.177587109887
2960,0.112284473355
2961,0.0885770574369
2962,0.0772840578272
2963,0.476481247232
2964,0.357291811189
2965,0.317755210822
2966,0.0973940224914
2967,0.282325348731
2968,0.001
2969,0.001
2970,0.018392569133
2971,0.0853298034111
2972,0.001
2973,0.135507255676
2974,0.225824546448
2975,0.0482743637171
2976,0.001
2977,0.001
2978,0.054782875307
2979,0.001
2980,0.137964006176
2981,0.303310954715
2982,0.0896997956348
2983,0.001
2984,0.001
