0,0.001
1,0.001
2,0.001
3,0.001
4,0.001
5,0.001
6,0.001
7,0.001
8,0.001
9,0.001
10,0.001
11,0.001
12,0.001
13,0.001
14,0.001
15,0.001
16,0.001
17,0.001
18,0.001
19,0.001
20,0.001
21,0.001
22,0.001
23,0.001
24,0.001
25,0.001
26,0.001
27,0.001
28,0.001
29,0.001
30,0.001
31,0.001
32,0.001
33,0.001
34,0.001
35,0.001
36,0.001
37,0.001
38,0.001
39,0.001
40,0.001
41,0.001
42,0.001
43,0.001
44,0.001
45,0.001
46,0.001
47,0.001
48,0.001
49,0.001
50,0.001
51,0.001
52,0.001
53,0.0155732056995
54,0.001
55,0.001
56,0.104377851624
57,0.346596155817
58,0.001
59,0.001
60,0.001
61,0.001
62,0.001
63,0.001
64,0.001
65,0.001
66,0.001
67,0.001
68,0.001
69,0.001
70,0.001
71,0.001
72,0.0620196975911
73,0.001
74,0.001
75,0.001
76,0.0140142541407
77,0.001
78,0.001
79,0.001
80,0.001
81,0.001
82,0.001
83,0.001
84,0.0527900614515
85,0.0394818822604
86,0.001
87,0.0249245304705
88,0.001
89,0.001
90,0.001
91,0.001
92,0.001
93,0.001
94,0.001
95,0.001
96,0.0778846380486
97,0.299073444332
98,0.001
99,0.001
100,0.001
101,0.21824536191
102,0.001
103,0.001
104,0.001
105,0.001
106,0.001
107,0.001
108,0.001
109,0.001
110,0.001
111,0.001
112,0.001
113,0.001
114,0.0587011255379
115,0.001
116,0.0412357362641
117,0.001
118,0.001
119,0.0249124097666
120,0.001
121,0.001
122,0.001
123,0.0211688827389
124,0.001
125,0.001
126,0.0186927594422
127,0.0284620482511
128,0.001
129,0.0500114795716
130,0.001
131,0.001
132,0.0233597260975
133,0.001
134,0.0186919650038
135,0.0321997871942
136,0.15162927607
137,0.001
138,0.062491833744
139,0.001
140,0.001
141,0.001
142,0.001
143,0.001
144,0.001
145,0.001
146,0.0879017320549
147,0.113687035697
148,0.001
149,0.242484247265
150,0.0973052501949
151,0.133761135028
152,0.15887284927
153,0.001
154,0.001
155,0.001
156,0.0482806082963
157,0.001
158,0.001
159,0.001
160,0.0368401122179
161,0.001
162,0.001
163,0.001
164,0.001
165,0.001
166,0.001
167,0.001
168,0.001
169,0.0108938503306
170,0.001
171,0.001
172,0.0404881630474
173,0.001
174,0.001
175,0.0374240271847
176,0.0841010604695
177,0.001
178,0.0623055909588
179,0.001
180,0.0646425270527
181,0.127691011243
182,0.001
183,0.127626132416
184,0.001
185,0.001
186,0.0377309457809
187,0.001
188,0.001
189,0.001
190,0.001
191,0.001
192,0.001
193,0.001
194,0.001
195,0.001
196,0.001
197,0.119260173795
198,0.001
199,0.001
200,0.03357266219
201,0.0903441509246
202,0.164068521638
203,0.001
204,0.001
205,0.168883139077
206,0.185362970184
207,0.135514345586
208,0.0991684237253
209,0.001
210,0.001
211,0.001
212,0.001
213,0.001
214,0.131593153901
215,0.001
216,0.001
217,0.001
218,0.001
219,0.001
220,0.001
221,0.001
222,0.0574346585489
223,0.0590930688804
224,0.001
225,0.001
226,0.001
227,0.001
228,0.0365210764907
229,0.108315974751
230,0.0499529590843
231,0.0404961945781
232,0.124896971158
233,0.150206057685
234,0.184438765617
235,0.001
236,0.001
237,0.001
238,0.001
239,0.001
240,0.001
241,0.001
242,0.0404884349579
243,0.00934758213013
244,0.001
245,0.015575327978
246,0.066976686535
247,0.001
248,0.001
249,0.001
250,0.001
251,0.0685201387229
252,0.139160919401
253,0.0376568362722
254,0.001
255,0.001
256,0.165872788605
257,0.001
258,0.228098630084
259,0.001
260,0.001
261,0.0886267476543
262,0.150758753752
263,0.122211943226
264,0.001
265,0.0199338658863
266,0.0143618476136
267,0.001
268,0.001
269,0.001
270,0.001
271,0.001
272,0.001
273,0.0502422001728
274,0.0456736259262
275,0.001
276,0.001
277,0.0218117109432
278,0.001
279,0.001
280,0.190397386107
281,0.001
282,0.001
283,0.001
284,0.001
285,0.001
286,0.10604608991
287,0.001
288,0.207150872123
289,0.0358245570499
290,0.220203893383
291,0.001
292,0.190022346141
293,0.147976621219
294,0.133295825003
295,0.001
296,0.001
297,0.163578757112
298,0.0669620054983
299,0.21824536191
300,0.001
301,0.001
302,0.001
303,0.001
304,0.001
305,0.001
306,0.001
307,0.001
308,0.001
309,0.001
310,0.0392361039841
311,0.0576097153416
312,0.001
313,0.0869335319247
314,0.001
315,0.0327060710448
316,0.001
317,0.160236836541
318,0.208884411506
319,0.197641026923
320,0.167194278741
321,0.001
322,0.220203893383
323,0.0696070608652
324,0.0879017320549
325,0.001
326,0.001
327,1.0
328,0.163152284407
329,0.103501567904
330,0.001
331,0.0814993633642
332,0.001
333,0.0665100780164
334,0.0412357362641
335,0.001
336,0.001
337,0.0168460886527
338,0.001
339,0.001
340,0.001
341,0.151707321715
342,0.0360309638244
343,0.001
344,0.001
345,0.001
346,0.0358125593009
347,0.235226982611
348,0.001
349,0.001
350,0.324289777663
351,0.27532899596
352,0.236813692198
353,0.319524248774
354,0.102088569496
355,0.411864378024
356,0.224759699039
357,0.313948653259
358,0.001
359,0.145400725759
360,0.236756316137
361,0.136536649286
362,0.216489504037
363,0.154614445456
364,0.1592595376
365,0.0519457463109
366,0.162251448138
367,0.11933069019
368,0.266249489939
369,0.142693779728
370,0.001
371,0.001
372,0.001
373,0.0231149849993
374,0.0672457055033
375,0.001
376,0.001
377,0.001
378,0.00938339438095
379,0.001
380,0.0850501582755
381,0.0669599216973
382,0.0841048652952
383,0.0973419581175
384,0.001
385,0.001
386,0.121506045397
387,0.001
388,0.0482900011612
389,0.320663306542
390,0.193222967216
391,0.224472650955
392,0.264821941134
393,0.205630113393
394,0.350353720767
395,0.001
396,0.001
397,0.001
398,0.0670461009966
399,0.337459628953
400,0.207291155447
401,0.0670461009966
402,0.594610063846
403,0.127726018804
404,0.110593276029
405,0.179124513719
406,0.0856521536633
407,0.001
408,0.241632323719
409,0.001
410,0.001
411,0.001
412,0.001
413,0.001
414,0.001
415,0.001
416,0.001
417,0.001
418,0.028141028013
419,0.001
420,0.001
421,0.0638570807386
422,0.112422289366
423,0.0965633813349
424,0.001
425,0.0654158513149
426,0.208921781675
427,0.101703848748
428,0.347649884606
429,0.403797189015
430,0.129128899392
431,0.250777663672
432,0.0846936529351
433,0.246040142496
434,0.172380333863
435,0.001
436,0.001
437,0.0231149849993
438,0.253871937659
439,0.267262416851
440,0.0499038198129
441,0.100925395292
442,0.0992910222759
443,0.001
444,0.122211943226
445,0.001
446,0.127719088348
447,0.102822277788
448,0.0708381220893
449,0.001
450,0.001
451,0.001
452,0.001
453,0.122107460728
454,0.001
455,0.001
456,0.001
457,0.001
458,0.001
459,0.001
460,0.0140248168681
461,0.001
462,0.0701009271684
463,0.001
464,0.184854878202
465,0.001
466,0.227122812772
467,0.0746386389923
468,0.001
469,0.303815012453
470,0.348153838442
471,0.408110812487
472,0.105094833043
473,0.108271496094
474,0.0763237572029
475,0.16348257996
476,0.498808810364
477,0.076792504039
478,0.276735266527
479,0.178722854634
480,0.159003546231
481,0.129279884379
482,0.118371754555
483,0.001
484,0.001
485,0.07440696271
486,0.001
487,0.110442856047
488,0.001
489,0.0250921406788
490,0.001
491,0.0413759505291
492,0.001
493,0.00467370404112
494,0.001
495,0.125307241591
496,0.001
497,0.0606524967573
498,0.001
499,0.001
500,0.182257657791
501,0.220454507241
502,1.0
503,0.257023507635
504,0.172128099747
505,0.653403844183
506,0.269163316876
507,0.16812412229
508,0.001
509,0.247644558894
510,0.197821098721
511,0.001
512,0.324054446051
513,0.314512163493
514,0.3255444356
515,0.23156509265
516,0.0372905179877
517,0.107459233883
518,0.001
519,0.075370849069
520,0.151496534227
521,0.0560670084643
522,0.001
523,0.001
524,0.0280389358702
525,0.001
526,0.001
527,0.001
528,0.001
529,0.001
530,0.001
531,0.001
532,0.0706787402341
533,0.0758724703394
534,0.755016704644
535,0.001
536,0.001
537,0.001
538,0.001
539,0.208921781675
540,0.0874134894201
541,0.145537495082
542,0.129522084266
543,0.366741663241
544,0.323410829177
545,0.304103864457
546,0.001
547,0.193641948849
548,0.0834570078127
549,0.159887752435
550,0.0231149849993
551,0.126015157879
552,0.0768342722108
553,0.162905688889
554,0.001
555,0.192351538375
556,0.193132099672
557,0.001
558,0.001
559,0.235411421834
560,0.0768128084826
561,0.0610278120591
562,0.001
563,0.001
564,0.0249237518752
565,0.001
566,0.0124597604191
567,0.0903440546079
568,0.001
569,0.001
570,0.191543931179
571,0.001
572,0.121434484421
573,0.001
574,0.001
575,0.156479598517
576,0.001
577,0.346257877809
578,0.160472164041
579,0.001
580,0.243413992271
581,0.205361876166
582,0.188011510778
583,0.001
584,0.258559452775
585,0.0583676762808
586,0.256855640459
587,0.248662179462
588,0.199226252234
589,0.0463766366103
590,0.232098042723
591,0.159796327519
592,0.270022273314
593,0.001
594,0.097050848127
595,0.0740183493624
596,0.001
597,0.160877529343
598,0.0499252021927
599,0.001
600,0.001
601,0.001
602,0.0636425212356
603,0.0229119125323
604,0.001
605,0.001
606,0.001
607,0.001
608,0.001
609,0.001
610,0.001
611,0.001
612,0.001
613,0.001
614,0.127709534745
615,0.001
616,0.001
617,0.001
618,0.083563533675
619,0.001
620,0.170631989253
621,0.152871708304
622,0.062903176237
623,0.001
624,0.001
625,0.001
626,0.001
627,0.0732014775761
628,0.159709417983
629,0.177925040374
630,0.001
631,0.132876974901
632,0.0825635360845
633,0.001
634,0.001
635,0.001
636,0.1684378104
637,0.114308737293
638,0.16964306232
639,0.135518149652
640,0.104037843428
641,0.001
642,0.100706468242
643,0.001
644,0.001
645,0.001
646,0.001
647,0.160253070276
648,0.157351958527
649,0.001
650,0.0327154727572
651,0.0375554866195
652,0.001
653,0.001
654,0.001
655,0.001
656,0.001
657,0.001
658,0.0893085619331
659,0.00622866565178
660,0.001
661,0.001
662,0.102414349163
663,0.0432722447543
664,0.001
665,0.001
666,0.001
667,0.161637802643
668,0.133946105156
669,0.001
670,0.001
671,0.001
672,0.001
673,0.001
674,0.001
675,0.12559605575
676,0.001
677,0.030951359375
678,0.001
679,0.001
680,0.106520359617
681,0.151486974438
682,0.234334685918
683,0.319964513064
684,0.001
685,0.001
686,0.227398305615
687,0.172895759786
688,0.139710372407
689,0.0669752905274
690,0.001
691,0.163893311968
692,0.221676216748
693,0.178284987176
694,0.443720893215
695,0.230527330451
696,0.17580346411
697,0.001
698,0.186892435763
699,0.001
700,0.07687585754
701,0.174732959896
702,0.183743043088
703,0.0498356917003
704,0.001
705,0.001
706,0.001
707,0.001
708,0.001
709,0.001
710,0.001
711,0.001
712,0.0786679434401
713,0.001
714,0.001
715,0.001
716,0.0647534432231
717,0.18943635101
718,0.168170891428
719,0.225910865459
720,0.0652590960583
721,0.193006595587
722,0.152036427444
723,0.199416456584
724,0.001
725,0.0809842529592
726,0.001
727,0.001
728,0.001
729,0.001
730,0.001
731,0.0152789524441
732,0.0934557811829
733,0.001
734,0.123269980222
735,0.173184339105
736,0.423522125685
737,0.245405120419
738,0.11995247541
739,0.285031137931
740,0.195149333315
741,0.170406465544
742,0.001
743,0.0632132366494
744,0.365836358795
745,0.459672886893
746,0.383113112681
747,0.109122680955
748,0.246117878405
749,0.358517404186
750,0.217728614153
751,0.001
752,0.001
753,0.001
754,0.237477749126
755,0.153401943411
756,0.0896411224342
757,0.001
758,0.001
759,0.117778563282
760,0.075729529074
761,0.001
762,0.001
763,0.001
764,0.001
765,0.21824536191
766,0.144529640773
767,0.0519948676145
768,0.001
769,0.109122680955
770,0.001
771,0.001
772,0.001
773,0.217417164814
774,0.185629557169
775,0.241569656279
776,0.205592036393
777,0.202789400479
778,0.177389116136
779,0.134245772514
780,0.0243139851476
781,0.0661610138314
782,0.001
783,0.001
784,0.001
785,0.001
786,0.0915392345335
787,0.11239354683
788,0.001
789,0.197830994978
790,0.199383444074
791,0.244313522844
792,0.425111804128
793,0.227438807512
794,0.241943477569
795,0.001
796,0.319273323174
797,0.001
798,0.001
799,0.0242388853545
800,0.266364819893
801,0.402854606387
802,0.293542230152
803,0.001
804,0.0523799133674
805,0.285739865081
806,0.0673714649431
807,0.117038119119
808,0.324087003266
809,0.416701511625
810,0.258254881035
811,0.218050770394
812,0.0746386389923
813,0.285685812284
814,0.176012287665
815,0.001
816,0.001
817,0.001
818,0.001
819,0.001
820,0.001
821,0.117080536793
822,0.00710090809961
823,0.001
824,0.0751440162049
825,0.099730218935
826,0.0311600352049
827,0.0887907063025
828,0.0116259268131
829,0.001
830,0.0280245697582
831,0.171744919202
832,0.127506697713
833,0.187663462606
834,0.136665568197
835,0.18065419553
836,0.001
837,0.001
838,0.001
839,0.121213648808
840,0.170442320871
841,0.0930037743091
842,0.001
843,0.001
844,0.001
845,0.001
846,0.001
847,0.250444750684
848,0.001
849,0.0940010537955
850,0.261692881257
851,0.173660917963
852,0.264064968742
853,0.323504165297
854,0.375751274248
855,0.263247567682
856,0.18457226802
857,0.0428072156421
858,0.187298144764
859,0.653403844183
860,0.300586889928
861,0.275199876819
862,0.289212740844
863,0.199950084436
864,0.12857710035
865,0.123269980222
866,0.489441348435
867,0.400315651172
868,0.420818463086
869,0.001
870,0.289679995977
871,0.169144902425
872,0.143291070105
873,0.155764278334
874,0.001
875,0.200942374803
876,0.204049972308
877,0.001
878,0.001
879,0.001
880,0.001
881,0.001
882,0.001
883,0.0246919053936
884,0.001
885,0.001
886,0.001
887,0.001
888,0.001
889,0.141917765389
890,0.24478160435
891,0.001
892,0.0596071335214
893,0.116478043403
894,0.0332717113055
895,0.213028183476
896,0.195122100311
897,0.235336530012
898,0.12717212288
899,0.107878450002
900,0.174317925313
901,0.202489521814
902,0.187469907593
903,0.16667556102
904,0.001
905,0.001
906,0.001
907,0.001
908,0.001
909,0.124089212238
910,0.110564656515
911,0.001
912,0.338252319859
913,0.307720908493
914,0.28017263634
915,0.372107745731
916,0.167393698605
917,0.294389547655
918,0.001
919,0.0935499599035
920,0.001
921,0.197305183575
922,0.263402076414
923,0.001
924,0.001
925,0.22911755499
926,0.19468811978
927,0.311547851581
928,0.372645335876
929,0.277137690951
930,0.677851162338
931,0.293170198394
932,0.469436050639
933,0.001
934,0.152639079555
935,0.107200698026
936,0.18723943669
937,0.196119464753
938,0.23675799037
939,0.204982268847
940,0.056074296728
941,0.138553695994
942,0.0258933177182
943,0.001
944,0.001
945,0.001
946,0.001
947,0.001
948,0.001
949,0.001
950,0.001
951,0.001
952,0.131444821134
953,0.155758439968
954,0.0261758753877
955,0.001
956,0.0258933177182
957,0.001
958,0.140223432222
959,0.143371976199
960,0.0665961583405
961,0.001
962,0.238634425538
963,0.001
964,0.155741863425
965,0.138942892812
966,0.0142352312651
967,0.001
968,0.001
969,0.001
970,0.001
971,0.0338844425502
972,0.001
973,0.0927550954401
974,0.190482937326
975,0.278945658337
976,1.11974215786
977,0.0158608619818
978,0.196524776256
979,0.112689701556
980,0.0233306935427
981,0.001
982,0.001
983,0.225894993848
984,0.384576479097
985,0.295956686381
986,0.365754227486
987,0.269445675659
988,0.0280333593406
989,0.309082089978
990,0.00263825599824
991,0.33488993381
992,0.076792504039
993,0.501109967131
994,0.336866345547
995,0.001
996,0.179106681296
997,0.001
998,0.215691067813
999,0.342184260187
1000,0.081155395835
1001,0.229970534261
1002,0.193722005827
1003,0.001
1004,0.0231149849993
1005,0.26009323453
1006,0.132409966717
1007,0.00182094788125
1008,0.001
1009,0.0200386888793
1010,0.0291787606615
1011,0.001
1012,0.001
1013,0.001
1014,0.001
1015,0.001
1016,0.001
1017,0.001
1018,0.126359056319
1019,0.001
1020,0.201101147056
1021,0.0235109384469
1022,0.001
1023,0.0954050740413
1024,0.0908066601371
1025,0.001
1026,0.267252685941
1027,0.160426026453
1028,0.116813122559
1029,0.0310919884652
1030,0.001
1031,0.001
1032,0.144241811502
1033,0.001
1034,0.001
1035,0.001
1036,0.240528471083
1037,0.208921781675
1038,0.224317643748
1039,0.243733201435
1040,0.419081307087
1041,0.317608076872
1042,0.0852032327722
1043,0.136160060677
1044,0.169784057604
1045,0.001
1046,0.197468298292
1047,0.0951878067395
1048,0.367708160873
1049,0.278405606785
1050,0.397640392942
1051,0.316270184678
1052,0.372458006996
1053,0.148914623321
1054,0.231629584257
1055,0.329245252826
1056,1.19985317101
1057,0.0242388853545
1058,0.153482938097
1059,0.001
1060,0.214961210495
1061,0.280230272671
1062,0.001
1063,0.19376773039
1064,0.266340596809
1065,0.267948171335
1066,0.146416624141
1067,0.27001780625
1068,0.115196469567
1069,0.00987617507321
1070,0.001
1071,0.001
1072,0.001
1073,0.001
1074,0.001
1075,0.001
1076,0.001
1077,0.001
1078,0.001
1079,0.001
1080,0.001
1081,0.001
1082,0.001
1083,0.002364232016
1084,0.101945798739
1085,0.124529650615
1086,0.204606018729
1087,0.0501220192029
1088,0.001
1089,0.0645584280535
1090,0.1993805114
1091,0.058065438409
1092,0.351437120559
1093,0.001
1094,0.16445051402
1095,0.150046851329
1096,0.0890857796407
1097,0.0426231533988
1098,0.170910297676
1099,0.174391267177
1100,0.001
1101,0.00306988517058
1102,0.001
1103,0.001
1104,0.001
1105,0.001
1106,0.001
1107,0.236813692198
1108,0.320985560335
1109,0.320883038704
1110,0.105221423741
1111,0.0537308537646
1112,0.0039021426585
1113,0.001
1114,0.260005135222
1115,0.0039021426585
1116,0.001
1117,0.208758611483
1118,0.001
1119,0.13083497422
1120,0.111407914586
1121,0.263078689036
1122,0.539728142156
1123,0.251428506088
1124,0.324969762496
1125,0.302324371158
1126,0.229069872611
1127,0.109891927228
1128,0.201362295668
1129,0.0039021426585
1130,0.235934993076
1131,0.306397463758
1132,0.246096871774
1133,0.352416552525
1134,0.122784217522
1135,0.001
1136,0.001
1137,0.001
1138,0.001
1139,0.211847988583
1140,0.233642185223
1141,0.001
1142,0.001
1143,0.001
1144,0.001
1145,0.001
1146,0.001
1147,0.0473182632589
1148,0.001
1149,0.0311492467603
1150,0.001
1151,0.232036766675
1152,0.171530664608
1153,0.001
1154,0.251913375863
1155,0.001
1156,0.0505059176025
1157,0.001
1158,0.001
1159,0.385007260461
1160,0.159373302562
1161,0.0918038747134
1162,0.380623887124
1163,0.225829284843
1164,0.367003354175
1165,0.225832427521
1166,0.001
1167,0.218210546054
1168,0.147487422682
1169,0.259596473894
1170,0.129731438332
1171,0.001
1172,0.001
1173,0.001
1174,0.0986549546518
1175,0.001
1176,0.11307912785
1177,0.001
1178,0.001
1179,0.158885267727
1180,0.0242388853545
1181,0.0619126458944
1182,0.19972106777
1183,0.144374455794
1184,0.001
1185,0.035104099558
1186,0.22385268641
1187,0.0482736031012
1188,0.001
1189,0.001
1190,0.297516013189
1191,0.276941852535
1192,0.110924224446
1193,0.210654270722
1194,0.181266271501
1195,0.247025950282
1196,0.001
1197,0.0734620073031
1198,0.256327150264
1199,0.230938033684
1200,0.13549529656
1201,0.160434810045
1202,0.001
1203,0.14360681121
1204,0.001
1205,0.001
1206,0.001
1207,0.261417895394
1208,0.299339122519
1209,0.150343628817
1210,0.001
1211,0.119927761571
1212,0.0662220405439
1213,0.001
1214,0.00763277132393
1215,0.001
1216,0.001
1217,0.001
1218,0.0039021426585
1219,0.0543779868473
1220,0.16764794447
1221,0.11314851421
1222,0.001
1223,0.0518104368175
1224,0.0326558162508
1225,0.138856795603
1226,0.001
1227,0.001
1228,0.383987000936
1229,0.369472537636
1230,0.189365337302
1231,0.184414360625
1232,0.0039021426585
1233,0.001
1234,0.001
1235,0.0764387455107
1236,0.698640710782
1237,0.001
1238,0.124779698995
1239,0.001
1240,0.001
1241,0.001
1242,0.001
1243,0.269372942607
1244,0.18838081665
1245,0.187709698448
1246,0.001
1247,0.0547443531755
1248,0.0758724703394
1249,0.0854332759385
1250,0.001
1251,0.401851326394
1252,0.20093188268
1253,0.001
1254,0.001
1255,0.403797189015
1256,0.41784356335
1257,0.147320652071
1258,0.001
1259,0.354152487384
1260,0.126285411358
1261,0.242526157469
1262,0.253216018771
1263,0.106572928216
1264,0.001
1265,0.001
1266,0.0436116326316
1267,0.001
1268,0.001
1269,0.001
1270,0.157302099023
1271,0.126423464251
1272,0.001
1273,0.117290008518
1274,0.17459375962
1275,0.203654847111
1276,0.0231149849993
1277,0.390353230862
1278,0.539901080351
1279,0.113269259507
1280,0.212503424328
1281,0.0552771501236
1282,0.001
1283,0.001
1284,0.001
1285,0.001
1286,0.0171341031744
1287,0.001
1288,0.001
1289,0.001
1290,0.129638102612
1291,0.001
1292,0.001
1293,0.111157440194
1294,0.15251851556
1295,0.0727947043511
1296,0.457790595158
1297,0.630304655307
1298,0.415004109193
1299,0.302583167742
1300,0.156348602643
1301,0.153222338909
1302,0.187999944414
1303,0.001
1304,0.249741283627
1305,0.365406867056
1306,0.40679303072
1307,0.001
1308,0.001
1309,0.001
1310,0.001
1311,0.001
1312,0.001
1313,0.104317388259
1314,0.0837394410031
1315,0.0654201455324
1316,0.001
1317,0.142171282233
1318,0.0590042446792
1319,0.163545609655
1320,0.241451442173
1321,0.046787226627
1322,0.188276582045
1323,0.554602951672
1324,0.188276582045
1325,0.310568124986
1326,0.29602648179
1327,0.20835397897
1328,0.380682204015
1329,0.18884511612
1330,0.001
1331,0.190016302725
1332,0.0429884907892
1333,0.001
1334,0.001
1335,0.0616328671235
1336,0.0579426401164
1337,0.113898969858
1338,0.117932789203
1339,0.0583676762808
1340,0.001
1341,0.0596071335214
1342,0.179239467047
1343,0.222476908996
1344,0.232083694856
1345,0.301516663802
1346,0.153511505355
1347,0.110573812711
1348,0.001
1349,0.001
1350,0.001
1351,0.001
1352,0.001
1353,0.001
1354,0.0509782160021
1355,0.001
1356,0.0336886249687
1357,0.001
1358,0.001
1359,0.001
1360,0.0758927116959
1361,0.188525512025
1362,0.126189379034
1363,0.001
1364,0.185349430608
1365,0.0746386389923
1366,0.001
1367,0.477383958713
1368,0.652891941715
1369,0.001
1370,0.253296345492
1371,0.305294129515
1372,0.154195588173
1373,0.189764117594
1374,0.001
1375,0.249691221772
1376,0.397345012225
1377,0.193908976791
1378,0.295845605719
1379,0.0810991200885
1380,0.0331705967373
1381,0.001
1382,0.001
1383,0.001
1384,0.001
1385,0.001
1386,0.001
1387,0.001
1388,0.183814331733
1389,0.137861941356
1390,0.184805444498
1391,0.001
1392,0.001
1393,0.124463378151
1394,0.190316081218
1395,0.282273526452
1396,0.189691173107
1397,0.001
1398,0.352791314085
1399,0.196976033116
1400,0.283735623624
1401,0.001
1402,0.134817227743
1403,0.0870702009613
1404,0.1105893631
1405,0.216496700501
1406,0.155743760021
1407,0.151057982058
1408,0.001
1409,0.137599982908
1410,0.236926769006
1411,0.147508865576
1412,0.001
1413,0.0624779351949
1414,0.0264857360664
1415,0.001
1416,0.0823869412966
1417,0.105951401405
1418,0.001
1419,0.132402705293
1420,0.172578903914
1421,0.0722907425652
1422,0.001
1423,0.085667117685
1424,0.001
1425,0.001
1426,0.001
1427,0.001
1428,0.0535815975511
1429,0.001
1430,0.001
1431,0.001
1432,0.001
1433,0.001
1434,0.0186920243065
1435,0.001
1436,0.001
1437,0.001
1438,0.194680988324
1439,0.001
1440,0.380682204015
1441,0.277852495431
1442,0.53277196233
1443,0.383159372806
1444,0.319994468949
1445,0.383147003502
1446,0.370710548616
1447,0.149487109997
1448,0.001
1449,0.0402636271001
1450,0.0270693556599
1451,0.001
1452,0.001
1453,0.001
1454,0.001
1455,0.001
1456,0.210297908872
1457,0.001
1458,0.001
1459,0.001
1460,0.0980757662351
1461,0.218043929276
1462,0.079433761186
1463,0.21824536191
1464,0.0039021426585
1465,0.221190666551
1466,0.001
1467,0.133688901435
1468,0.001
1469,0.204032862671
1470,0.164642837007
1471,0.0774938362103
1472,0.117080536793
1473,0.208921781675
1474,0.420524917608
1475,0.001
1476,0.391179478332
1477,0.124605800032
1478,0.001
1479,0.001
1480,0.133553188
1481,0.159373302562
1482,0.241390983923
1483,0.172971986369
1484,0.141320947907
1485,0.001
1486,0.224268119859
1487,0.0756302851989
1488,0.0794251225489
1489,0.001
1490,0.001
1491,0.157714215198
1492,0.001
1493,0.0773911348519
1494,0.109029405006
1495,0.001
1496,0.001
1497,0.001
1498,0.001
1499,0.001
1500,0.001
1501,0.0903173722875
1502,0.001
1503,0.001
1504,0.001
1505,0.001
1506,0.001
1507,0.105198830452
1508,0.0545202946166
1509,0.001
1510,0.0339436146333
1511,0.001
1512,0.001
1513,0.001
1514,0.001
1515,0.001
1516,0.0997480364227
1517,0.164741515324
1518,0.154220339148
1519,0.249220001498
1520,0.0758724703394
1521,0.001
1522,0.001
1523,0.140586196984
1524,0.132377811502
1525,0.182008407444
1526,0.107475277372
1527,0.001
1528,0.001
1529,0.001
1530,0.0769849227466
1531,0.001
1532,0.001
1533,0.001
1534,0.001
1535,0.279102019477
1536,0.001
1537,0.001
1538,0.0103985082326
1539,0.001
1540,0.001
1541,0.15890333565
1542,0.001
1543,0.0603090609372
1544,0.0882463571119
1545,0.346596155817
1546,0.001
1547,0.651224374783
1548,0.001
1549,0.394203047867
1550,0.45949982863
1551,0.347505591105
1552,0.0817106914433
1553,0.0871975612174
1554,0.001
1555,0.235187469596
1556,0.001
1557,0.137208035111
1558,0.134817227743
1559,0.227222709264
1560,0.001
1561,0.001
1562,0.129922228111
1563,0.130200578761
1564,0.001
1565,0.0108993867648
1566,0.001
1567,0.001
1568,0.001
1569,0.116943355886
1570,0.28189246752
1571,0.295916885793
1572,0.0274196452231
1573,0.001
1574,0.045969485237
1575,0.0297943030296
1576,0.001
1577,0.0500644756239
1578,0.001
1579,0.0498460304222
1580,0.0342619623287
1581,0.015802508251
1582,0.0497797485042
1583,0.0669752656359
1584,0.0429442421989
1585,0.001
1586,0.001
1587,0.054214643735
1588,0.103822923764
1589,0.0879017320549
1590,0.197854320504
1591,0.001
1592,0.427232699132
1593,0.255656212671
1594,0.459551095471
1595,0.471503204237
1596,0.218678788394
1597,0.001
1598,0.85925239093
1599,0.248571671639
1600,0.366119286345
1601,0.001
1602,0.001
1603,0.001
1604,0.001
1605,0.001
1606,0.188276582045
1607,0.0912820433833
1608,0.001
1609,0.001
1610,0.001
1611,0.04985059802
1612,0.258034641098
1613,0.001
1614,0.001
1615,0.001
1616,0.001
1617,0.0136532501759
1618,0.001
1619,0.176243421851
1620,0.0988775243468
1621,0.327054718635
1622,0.775426455958
1623,0.792411003639
1624,0.590398399866
1625,0.461201749249
1626,0.653403844183
1627,0.001
1628,0.001
1629,0.318746605123
1630,0.144897008823
1631,0.288167136224
1632,0.0823559317267
1633,0.0365210764907
1634,0.185763778169
1635,0.001
1636,0.001
1637,0.0328093739292
1638,0.001
1639,0.001
1640,0.001
1641,0.001
1642,0.0576468316026
1643,0.001
1644,0.0659591812872
1645,0.112140617409
1646,0.001
1647,0.001
1648,0.0696375656831
1649,0.168845844071
1650,0.001
1651,0.154294550164
1652,0.102397295586
1653,0.0466567001938
1654,0.0452932353837
1655,0.001
1656,0.001
1657,0.001
1658,0.001
1659,0.074752446096
1660,0.0778792021441
1661,0.0365323791655
1662,0.001
1663,0.281772885446
1664,0.0412357362641
1665,0.244771548035
1666,0.186695852393
1667,0.366195398256
1668,0.070184141988
1669,0.342728458332
1670,0.337505670315
1671,0.0242388853545
1672,0.001
1673,0.41299086082
1674,0.414578984662
1675,0.742792247495
1676,0.457944204568
1677,0.495423312359
1678,0.188540860421
1679,0.001
1680,0.160240601443
1681,0.001
1682,0.001
1683,0.117949901538
1684,0.1415515556
1685,0.0967169566787
1686,0.001
1687,0.001
1688,0.213377812257
1689,0.001
1690,0.001
1691,0.001
1692,0.001
1693,0.001
1694,0.001
1695,0.0810033100407
1696,0.001
1697,0.218174734132
1698,0.353002007684
1699,0.962863339425
1700,0.51358613385
1701,0.940407786765
1702,0.001
1703,0.001
1704,0.0934407791199
1705,0.252514382176
1706,0.001
1707,0.121242124047
1708,0.251606987502
1709,0.138050431272
1710,0.253714252923
1711,0.166571741546
1712,0.170496851976
1713,0.159003546231
1714,0.001
1715,0.214545393211
1716,0.238277038465
1717,0.001
1718,0.117620960113
1719,0.146374820456
1720,0.242966421287
1721,0.221126991219
1722,0.210002739462
1723,0.135385740044
1724,0.37101181082
1725,0.193624713028
1726,0.001
1727,0.001
1728,0.174537192244
1729,0.0645940152031
1730,0.001
1731,0.001
1732,0.0498427762823
1733,0.001
1734,0.0355298781272
1735,0.0199338658863
1736,0.001
1737,0.0810799201843
1738,0.14141439124
1739,0.179719677825
1740,0.362913347549
1741,0.853660126555
1742,0.744628525391
1743,0.251326309306
1744,0.001
1745,0.332799136006
1746,0.001
1747,0.383151736088
1748,0.147508865576
1749,0.302325308562
1750,0.323973838196
1751,0.401121419331
1752,0.485951994007
1753,0.811723417955
1754,0.381402855644
1755,0.297457196875
1756,0.0629292532303
1757,0.0576255273051
1758,0.001
1759,0.298186273755
1760,0.135475866209
1761,0.0543281084211
1762,0.001
1763,0.001
1764,0.001
1765,0.106681395312
1766,0.001
1767,0.001
1768,0.0220048810619
1769,0.001
1770,0.001
1771,0.001
1772,0.001
1773,0.0428072156421
1774,0.001
1775,0.459487355098
1776,0.324809767474
1777,0.445490100731
1778,0.0277107391989
1779,0.0825379171935
1780,0.208921781675
1781,0.395517515577
1782,0.253199228276
1783,0.137997077685
1784,0.348899766281
1785,0.278219836782
1786,0.305834331698
1787,0.353388600603
1788,0.001
1789,0.0456736259262
1790,0.107715301224
1791,0.0543281084211
1792,0.0789008018345
1793,0.001
1794,0.144535975667
1795,0.24231928234
1796,0.146551210574
1797,0.200926167841
1798,0.510854289302
1799,0.279113432927
1800,0.0421233141965
1801,0.001
1802,0.001
1803,0.001
1804,0.001
1805,0.001
1806,0.0567739781042
1807,0.0825744680871
1808,0.001
1809,0.109635331002
1810,0.0809942881541
1811,0.0194541166488
1812,0.0498414022315
1813,0.001
1814,0.0929766563582
1815,0.001
1816,0.373712083324
1817,0.297199064292
1818,0.322377133282
1819,0.139905826276
1820,0.270363049348
1821,0.539713143058
1822,0.166255269581
1823,0.227898959118
1824,0.36280457522
1825,0.175033731921
1826,0.652134348268
1827,0.487583829977
1828,0.415607414208
1829,0.129592631936
1830,0.508581414959
1831,0.261737444598
1832,0.24394064821
1833,0.280973004445
1834,0.121460586358
1835,0.001
1836,0.001
1837,0.001
1838,0.0280274639593
1839,0.001
1840,0.0623041718502
1841,0.001
1842,0.0591850423099
1843,0.001
1844,0.0825414952889
1845,0.001
1846,0.0918763156166
1847,0.186240202562
1848,0.168195058943
1849,0.001
1850,0.001
1851,0.00160683273496
1852,0.191552747751
1853,0.367070235573
1854,0.217970943179
1855,0.001
1856,0.001
1857,0.0333010157849
1858,0.111149821565
1859,0.277205405985
1860,0.181892879952
1861,0.0039021426585
1862,0.121520652815
1863,0.0428072156421
1864,0.188276582045
1865,0.001
1866,0.001
1867,0.001
1868,0.001
1869,0.220265991895
1870,0.001
1871,0.154624920725
1872,0.113493708663
1873,0.230505059213
1874,0.220727449729
1875,0.001
1876,0.001
1877,0.158629754371
1878,0.275269194658
1879,0.0361320657965
1880,0.01611757945
1881,0.001
1882,0.001
1883,0.001
1884,0.0600284305231
1885,0.222795608926
1886,0.001
1887,0.146474414719
1888,0.0508083405564
1889,0.001
1890,0.09117394065
1891,0.001
1892,0.001
1893,0.115483476965
1894,0.274053668397
1895,0.180312124433
1896,0.33802049099
1897,0.218162124915
1898,0.288074759765
1899,0.613732444827
1900,0.288358427957
1901,0.146430993485
1902,0.204231928234
1903,0.001
1904,0.001
1905,0.277233873784
1906,0.188276582045
1907,0.308816793575
1908,0.620768086936
1909,0.0925209329911
1910,0.16821176533
1911,0.0869318742822
1912,0.0872092397708
1913,0.001
1914,0.001
1915,0.001
1916,0.001
1917,0.062706927665
1918,0.172631038398
1919,0.222973367415
1920,0.001
1921,0.001
1922,0.06384865131
1923,0.202494166686
1924,0.0584065010572
1925,0.150206057685
1926,0.101241764799
1927,0.001
1928,0.125113230161
1929,0.147969635888
1930,0.141739246666
1931,0.0450948104561
1932,0.194693593485
1933,0.0239059851232
1934,0.001
1935,0.001
1936,0.001
1937,0.325318086777
1938,0.001
1939,0.0879017320549
1940,0.289722356003
1941,0.450883944201
1942,0.001
1943,0.164019106965
1944,0.001
1945,0.136704009427
1946,0.113160353217
1947,0.305282537942
1948,0.001
1949,0.0879017320549
1950,0.155537358923
1951,0.310812318495
1952,0.263449420497
1953,0.001
1954,0.132384610322
1955,0.001
1956,0.001
1957,0.0545140190935
1958,0.0480477763767
1959,0.001
1960,0.0488703079442
1961,0.136844252204
1962,0.192257788928
1963,0.138385050758
1964,0.080070663609
1965,0.115291213591
1966,0.001
1967,0.001
1968,0.001
1969,0.001
1970,0.001
1971,0.111218952304
1972,0.328252249069
1973,0.114039638813
1974,0.292821621564
1975,0.147183379952
1976,0.127691011243
1977,0.241604418432
1978,0.525026251427
1979,0.332049515247
1980,0.0882386225487
1981,0.421303856816
1982,0.221576069946
1983,0.001
1984,0.409618018714
1985,0.0942291887719
1986,0.204129580816
1987,0.001
1988,0.001
1989,0.001
1990,0.001
1991,0.00939681123128
1992,0.0123536416333
1993,0.102107360175
1994,0.177198961785
1995,0.210892158805
1996,0.001
1997,0.001
1998,0.001
1999,0.001
2000,0.001
2001,0.0638493762028
2002,0.001
2003,0.001
2004,0.191568908561
2005,0.001
2006,0.0665133814154
2007,0.001
2008,0.001
2009,0.001
2010,0.001
2011,0.102405338415
2012,0.495159930006
2013,0.285056430355
2014,0.300603405219
2015,0.279692283204
2016,0.289464376841
2017,0.229602626857
2018,0.580039114597
2019,0.001
2020,0.001
2021,0.0768342722108
2022,0.212810400031
2023,0.001
2024,0.155723024908
2025,0.107979581725
2026,0.001
2027,0.001
2028,0.001
2029,0.001
2030,0.0451046595558
2031,0.001
2032,0.045969485237
2033,0.25196405719
2034,0.001
2035,0.149541340114
2036,0.001
2037,0.001
2038,0.001
2039,0.001
2040,0.001
2041,0.001
2042,0.0592278047556
2043,0.107770776871
2044,0.001
2045,0.133708654959
2046,0.428329208367
2047,0.243442727495
2048,0.427292630775
2049,0.407926228941
2050,0.422546134624
2051,0.428737224108
2052,0.674482405609
2053,0.343744763366
2054,0.0958505546428
2055,0.27567677744
2056,0.385195521055
2057,0.49463606739
2058,0.0746682114578
2059,0.228957695638
2060,0.0679655042427
2061,0.001
2062,0.001
2063,0.001
2064,0.001
2065,0.0707319450474
2066,0.232117871128
2067,0.179182615881
2068,0.172904097018
2069,0.001
2070,0.001
2071,0.001
2072,0.208136664635
2073,0.001
2074,0.001
2075,0.001
2076,0.137053520142
2077,0.001
2078,0.138617817035
2079,0.0745259477195
2080,0.001
2081,0.0420030966593
2082,0.001
2083,0.17829515327
2084,0.158583349158
2085,0.241402805066
2086,0.242484247265
2087,0.323985017121
2088,0.339544564141
2089,0.337555794211
2090,0.208921781675
2091,0.001
2092,0.283524923609
2093,0.277234584106
2094,0.110707827372
2095,0.001
2096,0.001
2097,0.001
2098,0.001
2099,0.183820212048
2100,0.0367952379027
2101,0.001
2102,0.093469282989
2103,0.0039021426585
2104,0.001
2105,0.207733624283
2106,0.298101405493
2107,0.188482937562
2108,0.188479285892
2109,0.204781614736
2110,0.001
2111,0.0255653105906
2112,0.185401070006
2113,0.102405338415
2114,0.116515944139
2115,0.232340699934
2116,0.208714565814
2117,0.001
2118,0.15450494821
2119,0.350455353575
2120,0.001
2121,0.311554961937
2122,0.0283594578945
2123,0.348930956905
2124,0.228954402668
2125,0.001
2126,0.001
2127,0.001
2128,0.264437171739
2129,0.001
2130,0.0993964127091
2131,0.163532928728
2132,0.001
2133,0.0263427347074
2134,0.001
2135,0.0747508534461
2136,0.218029636607
2137,0.147611617475
2138,0.298863362031
2139,0.235410597631
2140,0.001
2141,0.001
2142,0.001
2143,0.001
2144,0.001
2145,0.001
2146,0.001
2147,0.103525629056
2148,0.220203893383
2149,0.243023022221
2150,0.163644167445
2151,0.001
2152,0.0920864423504
2153,0.001
2154,0.208461446405
2155,0.001
2156,0.001
2157,0.22613361628
2158,0.103298555368
2159,0.223661249542
2160,0.0343226294969
2161,0.442314562629
2162,0.0603161007605
2163,0.0965767553705
2164,0.001
2165,0.001
2166,0.001
2167,0.001
2168,0.001
2169,0.227296550877
2170,0.204034464894
2171,0.208921781675
2172,0.155259870293
2173,0.299035524859
2174,0.168184335653
2175,0.137087195638
2176,0.079808738731
2177,0.190067651465
2178,0.238063216244
2179,0.1744840056
2180,0.114419745687
2181,0.0565943448971
2182,0.222147504569
2183,0.0339471775109
2184,0.130733033175
2185,0.001
2186,0.203023407224
2187,0.001
2188,0.0275594454811
2189,0.168963338678
2190,0.001
2191,0.001
2192,0.779796106617
2193,0.252029151989
2194,0.126545731649
2195,0.001
2196,0.001
2197,0.10212073515
2198,0.001
2199,0.0513901054985
2200,0.001
2201,0.001
2202,0.001
2203,0.001
2204,0.102790126975
2205,0.001
2206,0.15574042532
2207,0.0505219983805
2208,0.171324171083
2209,0.220203893383
2210,0.367522639895
2211,0.001
2212,0.001
2213,0.131739461755
2214,0.001
2215,0.001
2216,0.001
2217,0.001
2218,0.001
2219,0.051890334635
2220,0.136338496593
2221,0.0758724703394
2222,0.001
2223,0.001
2224,0.363508712863
2225,0.106785457676
2226,0.16290144928
2227,0.253903568898
2228,0.001
2229,0.001
2230,0.165399027919
2231,0.0848761532767
2232,0.001
2233,0.001
2234,0.001
2235,0.001
2236,0.001
2237,0.17151725831
2238,0.189950763377
2239,0.131780598524
2240,0.0231149849993
2241,0.514197743265
2242,0.30998052023
2243,0.001
2244,0.194724425271
2245,0.180685482558
2246,0.001
2247,0.0423537367868
2248,0.0665292948769
2249,0.027069748243
2250,0.0439358771661
2251,0.001
2252,0.001
2253,0.001
2254,0.0706787402341
2255,0.001
2256,0.001
2257,0.131593153901
2258,0.261445442269
2259,0.398744219049
2260,0.232392661177
2261,0.248813021587
2262,0.142759091344
2263,0.228992848874
2264,0.0936300442021
2265,0.001
2266,0.001
2267,0.138332340451
2268,0.001
2269,0.001
2270,0.082110411964
2271,0.23987002221
2272,0.160807867499
2273,0.0700675487271
2274,0.001
2275,0.001
2276,0.0807611093163
2277,0.224268346762
2278,0.180581222913
2279,0.255445685619
2280,0.0569853061834
2281,0.0249137687252
2282,0.001
2283,0.001
2284,0.001
2285,0.001
2286,0.001
2287,0.893164619816
2288,0.258449809628
2289,0.313649169125
2290,0.135134393242
2291,0.093894444848
2292,0.208921781675
2293,0.001
2294,0.113988667031
2295,0.001
2296,0.001
2297,0.0140150685622
2298,0.001
2299,0.001
2300,0.653403844183
2301,0.238063216244
2302,0.10709226265
2303,0.138131039836
2304,0.295308152615
2305,0.147508865576
2306,0.331800684723
2307,0.432322299236
2308,0.325570525795
2309,0.272827404387
2310,0.076792504039
2311,0.0706787402341
2312,0.147140123432
2313,0.175840747161
2314,0.001
2315,0.0645353466318
2316,0.0560772336638
2317,0.049163116149
2318,0.0950018731808
2319,0.0392181900469
2320,0.168252615029
2321,1.19504425328
2322,0.387837529173
2323,0.347649884606
2324,0.142133119733
2325,0.001
2326,0.001
2327,0.0996842576598
2328,0.001
2329,0.0895425114046
2330,0.001
2331,0.001
2332,0.001
2333,0.001
2334,0.0450804018961
2335,0.149130400219
2336,0.001
2337,0.001
2338,0.0358193607145
2339,0.001
2340,0.001
2341,0.001
2342,0.001
2343,0.145731473199
2344,0.102617504775
2345,0.0440853421283
2346,0.392717700398
2347,0.281585245788
2348,0.109122680955
2349,0.250713486868
2350,0.182864402968
2351,0.30157976092
2352,0.162540371047
2353,0.69275695251
2354,0.0980273693133
2355,0.001
2356,0.001
2357,0.001
2358,0.001
2359,0.130861120189
2360,0.291046902231
2361,0.127339862458
2362,0.372300106105
2363,0.345936373153
2364,0.371943670916
2365,0.39719836372
2366,0.524269133559
2367,0.118874681705
2368,0.154441318807
2369,0.001
2370,0.001
2371,0.001
2372,0.001
2373,0.001
2374,0.001
2375,0.001
2376,0.228469335392
2377,0.0039021426585
2378,0.282903929729
2379,0.159732654205
2380,0.182244717914
2381,0.22796774122
2382,0.220203893383
2383,0.001
2384,0.001
2385,0.14954153882
2386,0.199240349115
2387,0.001
2388,0.194692526708
2389,0.0784779254145
2390,0.081155395835
2391,0.001
2392,0.001
2393,0.0880541971982
2394,0.001
2395,0.213372009741
2396,0.001
2397,0.001
2398,0.0809837069809
2399,0.001
2400,0.0959503740477
2401,0.194332085006
2402,0.0682579988521
2403,0.104891492234
2404,0.363830488962
2405,0.105130771474
2406,0.0851809789409
2407,0.10248964203
2408,0.163613610011
2409,0.249152455592
2410,0.001
2411,0.285810351269
2412,0.089897681152
2413,0.001
2414,0.001
2415,0.001
2416,0.001
2417,0.121742681069
2418,0.123745225669
2419,0.318407824781
2420,0.502894147242
2421,0.109122680955
2422,0.454867262828
2423,0.355096546148
2424,0.522365622535
2425,0.373893653976
2426,0.123269980222
2427,0.076532034339
2428,0.0865816433992
2429,0.001
2430,0.0993964127091
2431,0.0652926497545
2432,0.205553109463
2433,0.0373765478116
2434,0.001
2435,0.0543281084211
2436,0.0880736567952
2437,0.275216695322
2438,0.229221154202
2439,0.139323999228
2440,0.001
2441,0.001
2442,0.205144553017
2443,0.711165577051
2444,0.62264458585
2445,0.220203893383
2446,0.183942718656
2447,0.336848141991
2448,0.119861037752
2449,0.0918038747134
2450,0.0801736244885
2451,0.131074265539
2452,0.00131912799912
2453,0.109122680955
2454,0.15264458161
2455,0.001
2456,0.0654408125579
2457,0.001
2458,0.0795405195136
2459,0.001
2460,0.001
2461,0.001
2462,0.001
2463,0.001
2464,0.001
2465,0.0436463526692
2466,0.076792504039
2467,0.141916682974
2468,0.0474166118389
2469,0.001
2470,0.001
2471,0.001
2472,0.267908965713
2473,0.001
2474,0.001
2475,0.001
2476,0.001
2477,0.180988374287
2478,0.124599544867
2479,0.265069086084
2480,0.001
2481,0.164605691134
2482,0.296345733065
2483,0.238060675894
2484,0.191636697932
2485,0.001
2486,0.001
2487,0.183201168535
2488,0.001
2489,0.0566814434176
2490,0.001
2491,0.0768342722108
2492,0.171063460983
2493,0.195737250787
2494,0.197654147048
2495,0.321546817578
2496,0.286256582448
2497,0.359539966745
2498,0.11264798039
2499,0.288011920872
2500,0.52973600412
2501,0.404038683271
2502,0.363985744609
2503,0.0903819812865
2504,0.33801248879
2505,0.001
2506,0.123782472525
2507,0.111957367592
2508,0.104838083758
2509,0.120019702335
2510,0.222683479993
2511,0.106004102717
2512,0.0358139068794
2513,0.001
2514,0.0263396515345
2515,0.001
2516,0.001
2517,0.001
2518,0.001
2519,0.001
2520,0.001
2521,0.001
2522,0.001
2523,0.001
2524,0.001
2525,0.001
2526,0.0398677317727
2527,0.251326309306
2528,0.001
2529,0.001
2530,0.001
2531,0.200138942878
2532,0.45098388677
2533,0.303081658517
2534,0.223428130214
2535,0.117080536793
2536,0.117652536965
2537,0.059584727436
2538,0.0328628422714
2539,0.001
2540,0.187884686601
2541,0.0809563229472
2542,0.346596155817
2543,0.382292389356
2544,0.469136183763
2545,0.149890695429
2546,0.33592689236
2547,0.301486033332
2548,0.204069734044
2549,0.455143412001
2550,0.588459761648
2551,0.261246530007
2552,0.278843487652
2553,0.001
2554,0.001
2555,0.001
2556,0.142245644315
2557,0.200808423883
2558,0.164193420018
2559,0.001
2560,0.116828665307
2561,0.001
2562,0.001
2563,0.001
2564,0.001
2565,0.001
2566,0.001
2567,0.001
2568,0.001
2569,0.001
2570,0.001
2571,0.001
2572,0.001
2573,0.0625533868538
2574,0.208921781675
2575,0.001
2576,0.098122113229
2577,0.181959060604
2578,0.0344970012242
2579,0.263858103058
2580,0.159164247403
2581,0.001
2582,0.001
2583,0.109034635508
2584,0.457031911274
2585,0.236760519392
2586,0.0391422342117
2587,0.0931181057285
2588,0.48484139048
2589,0.522429538587
2590,0.230105360406
2591,0.31637406475
2592,0.319524248774
2593,0.133968626382
2594,0.171097459503
2595,0.249039280885
2596,0.361978899864
2597,0.001
2598,0.001
2599,0.001
2600,0.0456736259262
2601,0.134215842349
2602,0.283480136936
2603,0.001
2604,0.189360911556
2605,0.088650737918
2606,0.0938157234712
2607,0.001
2608,0.001
2609,0.001
2610,0.001
2611,0.001
2612,0.001
2613,0.0381750141014
2614,0.001
2615,0.001
2616,0.001
2617,0.001
2618,0.001
2619,0.001
2620,0.001
2621,0.001
2622,0.040494830187
2623,0.319524248774
2624,0.001
2625,0.001
2626,0.0399564066411
2627,0.112151275643
2628,0.053630817748
2629,0.0374976315607
2630,0.001
2631,0.38650525445
2632,1.33336945601
2633,0.475088655763
2634,0.306172937294
2635,0.105438315666
2636,0.129269091332
2637,0.324298768947
2638,0.297363208724
2639,0.0152789524441
2640,0.001
2641,0.001
2642,0.207201016901
2643,0.146964553544
2644,0.0349821934965
2645,0.083512608139
2646,0.347720960857
2647,0.001
2648,0.001
2649,0.001
2650,0.001
2651,0.00623184389467
2652,0.001
2653,0.001
2654,0.001
2655,0.001
2656,0.001
2657,0.001
2658,0.142063467245
2659,0.0152789524441
2660,0.0390678721288
2661,0.139499044327
2662,0.495876978087
2663,0.161412797702
2664,0.0399010803508
2665,0.001
2666,0.394759361671
2667,0.480031276409
2668,0.0277107391989
2669,0.001
2670,0.216516368329
2671,0.001
2672,0.001
2673,0.166144574128
2674,0.001
2675,0.001
2676,0.001
2677,0.001
2678,0.298219502873
2679,0.001
2680,0.169257847653
2681,0.001
2682,0.0699102672164
2683,0.001
2684,0.001
2685,0.001
2686,0.001
2687,0.001
2688,0.001
2689,0.001
2690,0.001
2691,0.001
2692,0.001
2693,0.11058545066
2694,0.224112107453
2695,0.0570542778062
2696,0.204982268847
2697,0.0108658380417
2698,0.357642293365
2699,0.208921781675
2700,0.168202644629
2701,0.277174277867
2702,0.247764906382
2703,0.142985897248
2704,0.0413385451072
2705,0.001
2706,0.0994229188772
2707,0.001
2708,0.001
2709,0.001
2710,0.168097926421
2711,0.001
2712,0.0108386413974
2713,0.0564781187934
2714,0.001
2715,0.001
2716,0.001
2717,0.001
2718,0.001
2719,0.143323098723
2720,0.210007124848
2721,0.001
2722,0.0242388853545
2723,0.179166934668
2724,0.154216936489
2725,0.092177059384
2726,0.228263844875
2727,0.134596232891
2728,0.487819750249
2729,0.470419307743
2730,0.0243139851476
2731,0.110579820585
2732,0.001
2733,0.0986508357717
2734,0.001
2735,0.289701991401
2736,0.001
2737,0.001
2738,0.001
2739,0.001
2740,0.001
2741,0.001
2742,0.001
2743,0.001
2744,0.230581802202
2745,0.150354774433
2746,0.172900884792
2747,0.001
2748,0.235824416494
2749,0.147281166535
2750,0.577837052654
2751,0.193174362486
2752,0.870566221729
2753,0.635629553104
2754,0.987849945218
2755,0.001
2756,0.001
2757,0.001
2758,0.001
2759,0.142722487176
2760,0.0993964127091
2761,0.001
2762,0.001
2763,0.001
2764,0.001
2765,0.001
2766,0.001
2767,0.001
2768,0.001
2769,0.129311140853
2770,0.100779050343
2771,0.211391567044
2772,0.169814708766
2773,0.001
2774,0.320845662597
2775,0.001
2776,0.352717214709
2777,1.18025922031
2778,0.63489971062
2779,0.270827511631
2780,0.001
2781,0.001
2782,0.001
2783,0.001
2784,0.001
2785,0.001
2786,0.001
2787,0.001
2788,0.001
2789,0.001
2790,0.001
2791,0.0652926497545
2792,0.13242795945
2793,0.194813316432
2794,0.00816161859612
2795,0.001
2796,0.10063018255
2797,0.0921514589581
2798,0.271939501521
2799,0.311307562127
2800,0.334945553332
2801,0.389442808526
2802,0.531204223121
2803,0.784166733228
2804,0.492538060114
2805,0.001
2806,0.001
2807,0.001
2808,0.150953777733
2809,0.001
2810,0.001
2811,0.001
2812,0.001
2813,0.001
2814,0.161550251632
2815,0.408018869281
2816,0.219641397864
2817,0.001
2818,0.349557103406
2819,0.606120145395
2820,0.30338000386
2821,0.001
2822,0.001
2823,0.0862813506284
2824,0.110556074227
2825,0.001
2826,0.001
2827,0.22590787106
2828,0.001
2829,0.110104108185
2830,0.130867537681
2831,0.001
2832,0.315729037657
2833,0.180731782061
2834,0.463286563135
2835,0.514874961946
2836,0.301252314673
2837,0.664012315514
2838,0.455636119271
2839,0.243483715313
2840,0.00934675267773
2841,0.001
2842,0.001
2843,0.0561302320501
2844,0.242196122678
2845,0.0925723465372
2846,0.001
2847,0.001
2848,0.0210430458834
2849,0.001
2850,0.19765070396
2851,0.001
2852,0.505230474448
2853,0.435315423448
2854,0.503497882468
2855,0.495354348861
2856,0.518568330288
2857,0.520317760082
2858,0.402142255264
2859,0.001
2860,0.001
2861,0.001
2862,0.001
2863,0.001
2864,0.0035504540498
2865,0.001
2866,0.001
2867,0.001
2868,0.001
2869,0.001
2870,0.001
2871,0.001
2872,0.001
2873,0.001
2874,0.001
2875,0.599320355391
2876,0.0768342722108
2877,0.105944645416
2878,0.374793373217
2879,0.306657408762
2880,0.34352084468
2881,0.429956365934
2882,0.82517302116
2883,0.575739707947
2884,0.001
2885,0.001
2886,0.0467331698284
2887,0.001
2888,0.0247250545354
2889,0.001
2890,0.001
2891,0.001
2892,0.001
2893,0.0902008713942
2894,0.001
2895,0.205622464666
2896,0.429979513168
2897,0.486081659915
2898,0.648994962169
2899,0.3118970765
2900,0.417492188937
2901,0.642415375672
2902,0.0972075284096
2903,0.107934015753
2904,0.104436666066
2905,0.001
2906,0.001
2907,0.001
2908,0.001
2909,0.001
2910,0.001
2911,0.001
2912,0.133978307438
2913,0.160581698127
2914,0.0863641633862
2915,0.182275194958
2916,0.235775915473
2917,0.476460653128
2918,0.001
2919,0.001
2920,0.0534947374921
2921,0.164915385135
2922,0.118390188897
2923,0.001
2924,0.001
2925,0.00900524795037
2926,0.001
2927,0.0764070426074
2928,0.001
2929,0.001
2930,0.0884105003003
2931,0.309430921477
2932,0.289426392872
2933,0.424229053194
2934,0.215878541713
2935,0.001
2936,0.001
2937,0.001
2938,0.001
2939,0.001
2940,0.001
2941,0.001
2942,0.001
2943,0.001
2944,0.001
2945,0.0389388025593
2946,0.001
2947,0.0849958908069
2948,0.152648003081
2949,0.150345802811
2950,0.001
2951,0.0809633768788
2952,0.147998865085
2953,0.001
2954,0.001
2955,0.001
2956,0.001
2957,0.001
2958,0.001
2959,0.001
2960,0.0758724703394
2961,0.130013568775
2962,0.0672772364445
2963,0.149539630789
2964,0.137311006485
2965,0.001
2966,0.001
2967,0.196265960303
2968,0.0389473308094
2969,0.001
2970,0.001
2971,0.0348640702777
2972,0.208921781675
2973,0.076792504039
2974,0.165112058164
2975,0.028331233231
2976,0.001
2977,0.001
2978,0.001
2979,0.001
2980,0.001
2981,0.001
2982,0.001
2983,0.001
2984,0.001
