0,0.001
1,0.001
2,0.001
3,0.001
4,0.001
5,0.001
6,0.001
7,0.001
8,0.001
9,0.001
10,0.001
11,0.001
12,0.001
13,0.001
14,0.001
15,0.001
16,0.001
17,0.169038461053
18,0.001
19,0.001
20,0.208921781675
21,0.0236043830965
22,0.001
23,0.08995248653
24,0.001
25,0.001
26,0.001
27,0.001
28,0.001
29,0.001
30,0.001
31,0.001
32,0.001
33,0.001
34,0.157600451664
35,0.001
36,0.001
37,0.001
38,0.001
39,0.001
40,0.001
41,0.362901842387
42,0.181295220361
43,0.001
44,0.001
45,0.001
46,0.001
47,0.001
48,0.001
49,0.001
50,0.001
51,0.001
52,0.001
53,0.001
54,0.001
55,0.001
56,0.001
57,0.048572485053
58,0.001
59,0.001
60,0.001
61,0.0223929629728
62,0.001
63,0.001
64,0.001
65,0.001
66,0.001
67,0.001
68,0.001
69,0.001
70,0.001
71,0.0202517605917
72,0.0398325136884
73,0.026724400496
74,0.001
75,0.001
76,0.001
77,0.001
78,0.001
79,0.001
80,0.0233225003476
81,0.001
82,0.001
83,0.001
84,0.0186944149495
85,0.001
86,0.001
87,0.001
88,0.001
89,0.001
90,0.001
91,0.001
92,0.001
93,0.001
94,0.001
95,0.001
96,0.001
97,0.001
98,0.001
99,0.001
100,0.001
101,0.001
102,0.001
103,0.001
104,0.001
105,0.001
106,0.001
107,0.001
108,0.001
109,0.0249174481156
110,0.001
111,0.001
112,0.0114100802392
113,0.001
114,0.001
115,0.001
116,0.001
117,0.001
118,0.001
119,0.001
120,0.001
121,0.001
122,0.001
123,0.001
124,0.001
125,0.001
126,0.001
127,0.001
128,0.001
129,0.001
130,0.001
131,0.001
132,0.0150599230052
133,0.001
134,0.001
135,0.001
136,0.001
137,0.001
138,0.0338070125122
139,0.001
140,0.001
141,0.0332287817781
142,0.001
143,0.001
144,0.0332244254157
145,0.001
146,0.001
147,0.001
148,0.001
149,0.001
150,0.0910035546027
151,0.0231149849993
152,0.0367689432765
153,0.001
154,0.001
155,0.0216082332761
156,0.001
157,0.001
158,0.001
159,0.001
160,0.001
161,0.001
162,0.001
163,0.001
164,0.001
165,0.001
166,0.001
167,0.001
168,0.001
169,0.001
170,0.001
171,0.0342601692023
172,0.0499038198129
173,0.001
174,0.001
175,0.001
176,0.0277068789632
177,0.001
178,0.001
179,0.0313514944733
180,0.0145246385329
181,0.0190649719963
182,0.0332732209554
183,0.0373955636516
184,0.00693072775365
185,0.001
186,0.001
187,0.001
188,0.00992019851931
189,0.001
190,0.0246671289124
191,0.001
192,0.001
193,0.018090460494
194,0.0436089551083
195,0.001
196,0.001
197,0.06229958663
198,0.0436147354578
199,0.001
200,0.001
201,0.001
202,0.001
203,0.017888339611
204,0.001
205,0.001
206,0.001
207,0.001
208,0.0301350150159
209,0.0057326189678
210,0.001
211,0.001
212,0.001
213,0.001
214,0.0647621794959
215,0.001
216,0.001
217,0.0289773704186
218,0.001
219,0.0186899703092
220,0.001
221,0.001
222,0.001
223,0.00536258881739
224,0.001
225,0.00545805342145
226,0.001
227,0.001
228,0.0373431680771
229,0.0745259477195
230,0.001
231,0.001
232,0.001
233,0.001
234,0.001
235,0.001
236,0.001
237,0.001
238,0.001
239,0.001
240,0.001
241,0.001
242,0.001
243,0.001
244,0.0322651975269
245,0.001
246,0.0249810332978
247,0.001
248,0.001
249,0.001
250,0.0353885662401
251,0.001
252,0.001
253,0.033394717002
254,0.001
255,0.001
256,0.001
257,0.001
258,0.001
259,0.001
260,0.18487370741
261,0.001
262,0.0277107391989
263,0.0342576159789
264,0.0252923590202
265,0.001
266,0.001
267,0.001
268,0.001
269,0.001
270,0.0694483575233
271,0.001
272,0.001
273,0.001
274,0.0456736259262
275,0.105916106611
276,0.001
277,0.001
278,0.001
279,0.0771761030365
280,0.001
281,0.001
282,0.0855476504823
283,0.001
284,0.001
285,0.001
286,0.001
287,0.001
288,0.001
289,0.001
290,0.001
291,0.001
292,0.001
293,0.001
294,0.001
295,0.001
296,0.001
297,0.001
298,0.0342675393458
299,0.0311485151967
300,0.001
301,0.001
302,0.00908745302447
303,0.001
304,0.0352028935834
305,0.001
306,0.001
307,0.001
308,0.001
309,0.001
310,0.001
311,0.001
312,0.001
313,0.001
314,0.0245934999332
315,0.001
316,0.001
317,0.001
318,0.001
319,0.001
320,0.001
321,0.001
322,0.0211784246175
323,0.001
324,0.047176720442
325,0.0350808809026
326,0.001
327,0.0136423339538
328,0.001
329,0.001
330,0.0385423263955
331,0.001
332,0.0246492302471
333,0.0727947043511
334,0.0758724703394
335,0.001
336,0.001
337,0.001
338,0.001
339,0.001
340,0.001
341,0.001
342,0.0309846312893
343,0.0219201476665
344,0.001
345,0.0542422841516
346,0.001
347,0.0763726925861
348,0.001
349,0.001
350,0.120539543355
351,0.0758724703394
352,0.001
353,0.0188751605707
354,0.001
355,0.088379438175
356,0.001
357,0.062204048659
358,0.001
359,0.001
360,0.001
361,0.001
362,0.001
363,0.0376833535576
364,0.001
365,0.001
366,0.0642507196085
367,0.0157448089338
368,0.0327109116773
369,0.001
370,0.0371500840807
371,0.001
372,0.0560689218294
373,0.001
374,0.001
375,0.001
376,0.001
377,0.001
378,0.001
379,0.001
380,0.001
381,0.001
382,0.001
383,0.0126326249893
384,0.0607509042194
385,0.001
386,0.001
387,0.001
388,0.001
389,0.0155382418401
390,0.159887752435
391,0.049673354645
392,0.001
393,0.001
394,0.0810070491705
395,0.001
396,0.0398075014402
397,0.001
398,0.001
399,0.001
400,0.0400957695334
401,0.001
402,0.143363567088
403,0.0199338658863
404,0.001
405,0.0590140557432
406,0.001
407,0.001
408,0.001
409,0.0560831220946
410,0.141724164126
411,0.188276582045
412,0.062309603152
413,0.001
414,0.001
415,0.001
416,0.001
417,0.001
418,0.0203048746697
419,0.001
420,0.030990464843
421,0.0176675115675
422,0.0451675300117
423,0.0366009681523
424,0.0192200882956
425,0.001
426,0.0912891110576
427,0.242994533045
428,0.319524248774
429,0.0839164953315
430,0.144020540483
431,0.0869474505072
432,0.122211943226
433,0.221812710438
434,0.0397772562892
435,0.10906711991
436,0.001
437,0.0620225233919
438,0.001
439,0.101243902388
440,0.188276582045
441,0.001
442,0.001
443,0.9784368174
444,0.001
445,0.001
446,0.001
447,0.0287696317273
448,0.0709968786133
449,0.001
450,0.001
451,0.00934901679368
452,0.001
453,0.001
454,0.001
455,0.001
456,0.001
457,0.001
458,0.001
459,0.001
460,0.001
461,0.001
462,0.001
463,0.001
464,0.001
465,0.286694557473
466,0.162089854685
467,0.00306988517058
468,0.001
469,0.0499038198129
470,0.0749906536387
471,0.0778848832685
472,0.168562776117
473,0.316845230059
474,0.001
475,0.0202401450616
476,0.001
477,0.142203628351
478,0.0326143659658
479,0.11439717807
480,0.0399103903114
481,0.0326529821231
482,0.001
483,0.001
484,0.00160683273496
485,0.001
486,0.001
487,0.0325753688271
488,0.001
489,0.001
490,0.001
491,0.001
492,0.001
493,0.001
494,0.001
495,0.001
496,0.001
497,0.0654113511623
498,0.001
499,0.001
500,0.001
501,0.121674498218
502,0.298388844118
503,0.297572820512
504,0.001
505,0.368295084237
506,0.0926351880577
507,0.001
508,0.322238793633
509,0.001
510,0.0625328029605
511,0.001
512,0.001
513,0.14172210467
514,0.001
515,0.169576658013
516,0.0187908170157
517,0.0326424318217
518,0.0438595830825
519,0.0704694564067
520,0.0996786249208
521,0.0280380301539
522,0.001
523,0.0456736259262
524,0.001
525,0.001
526,0.001
527,0.001
528,0.001
529,0.001
530,0.001
531,0.0294932866566
532,0.001
533,0.001
534,0.001
535,0.001
536,0.001
537,0.001
538,0.001
539,0.158888813324
540,0.0436083283158
541,0.0903378273305
542,0.107784085878
543,0.0231149849993
544,0.001
545,0.0648916899137
546,0.001
547,0.0498390188288
548,0.001
549,0.0132136329695
550,0.0496241893735
551,0.001
552,0.001
553,0.001
554,0.001
555,0.001
556,0.0606700097507
557,0.001
558,0.001
559,0.0277107391989
560,0.0404934703724
561,0.001
562,0.001
563,0.001
564,0.001
565,0.001
566,0.001
567,0.001
568,0.001
569,0.001
570,0.0299851802152
571,0.027212753026
572,0.001
573,0.015562598517
574,0.001
575,0.129671667202
576,0.0897033743703
577,0.14798021607
578,0.385214166422
579,0.001
580,0.173297031942
581,0.0950356164754
582,0.0794346546837
583,0.357123613191
584,0.239553013041
585,0.159365588113
586,0.0741550582955
587,0.001
588,0.126946156426
589,0.102382629973
590,0.177769788689
591,0.0548033022355
592,0.001
593,0.309411400698
594,0.169778194519
595,0.0108119113369
596,0.001
597,0.0626959472183
598,0.001
599,0.001
600,0.001
601,0.09502202601
602,0.001
603,0.001
604,0.001
605,0.001
606,0.0109018521083
607,0.001
608,0.0903366384021
609,0.282238985971
610,0.001
611,0.001
612,0.001
613,0.001
614,0.101237448904
615,0.001
616,0.187964618577
617,0.341262333112
618,0.0267669532379
619,0.0818642491217
620,0.160996737999
621,0.001
622,0.001
623,0.001
624,0.001
625,0.001
626,0.001
627,0.0467277609027
628,0.001
629,0.0503514161801
630,0.001
631,0.043605961193
632,0.0124609559328
633,0.001
634,0.153925912121
635,0.001
636,0.001
637,0.0206743356831
638,0.001
639,0.001
640,0.001
641,0.001
642,0.001
643,0.0348145797651
644,0.0529567906245
645,0.001
646,0.001
647,0.0302902435966
648,0.001
649,0.001
650,0.001
651,0.001
652,0.001
653,0.001
654,0.001
655,0.001
656,0.001
657,0.001
658,0.001
659,0.001
660,0.001
661,0.001
662,0.0188191621704
663,0.0483631205543
664,0.0544940760954
665,0.0747703385402
666,0.0681780553686
667,0.0694135281063
668,0.0694730205888
669,0.001
670,0.001
671,0.001
672,0.001
673,0.001
674,0.001
675,0.001
676,0.001
677,0.001
678,0.001
679,0.001
680,0.001
681,0.29023138229
682,0.0875503226211
683,0.0498337306397
684,0.001
685,0.001
686,0.0560765455249
687,0.001
688,0.0856554548064
689,0.086442856512
690,0.123064626755
691,0.001
692,0.0856047767064
693,0.145067240372
694,0.001
695,0.0556328064769
696,0.001
697,0.0436448763664
698,0.0241998525383
699,0.0317259784556
700,0.001
701,0.0576337044289
702,0.001
703,0.001
704,0.001
705,0.001
706,0.0244646634974
707,0.001
708,0.001
709,0.0302280441681
710,0.001
711,0.001
712,0.0695718504125
713,0.001
714,0.001
715,0.001
716,0.001
717,0.001
718,0.0550676989194
719,0.138856795603
720,0.0249272436803
721,0.0442108390236
722,0.0453633103313
723,0.0407120821968
724,0.001
725,0.0245559095665
726,0.001
727,0.001
728,0.001
729,0.001
730,0.0249091396612
731,0.0204190013563
732,0.00306988517058
733,0.0638569770942
734,0.174484491542
735,0.001
736,0.001
737,0.001
738,0.001
739,0.0574758160373
740,0.001
741,0.0612385352596
742,0.001
743,0.001
744,0.001
745,0.111553150661
746,0.0152789524441
747,0.0447278602653
748,0.001
749,0.001
750,0.0436638400031
751,0.001
752,0.001
753,0.001
754,0.001
755,0.0280277083254
756,0.0389524460095
757,0.001
758,0.0545177390351
759,0.0560666651372
760,0.0199338658863
761,0.001
762,0.001
763,0.0361988459758
764,0.0161585706714
765,0.001
766,0.001
767,0.001
768,0.0246460159512
769,0.001
770,0.001
771,0.001
772,0.001
773,0.043609061041
774,0.001
775,0.001
776,0.001
777,0.001
778,0.001
779,0.0756622281009
780,0.001
781,0.001
782,0.001
783,0.001
784,0.001
785,0.001
786,0.001
787,0.001
788,0.0470350968043
789,0.001
790,0.001
791,0.0498429299192
792,0.001
793,0.0570541585948
794,0.001
795,0.001
796,0.199988933093
797,0.001
798,0.001
799,0.001
800,0.0700802873412
801,0.001
802,0.233368849465
803,0.001
804,0.114029219468
805,0.001
806,0.001
807,0.001
808,0.118378073984
809,0.146344019238
810,0.001
811,0.001
812,0.376449551462
813,0.0980130568463
814,0.121476904203
815,0.0758724703394
816,0.0965893725318
817,0.001
818,0.001
819,0.001
820,0.001
821,0.001
822,0.001
823,0.0155449871855
824,0.001
825,0.0389380475715
826,0.001
827,0.0878717543322
828,0.001
829,0.001
830,0.0776734413294
831,0.0072148348326
832,0.174097758394
833,0.133882715748
834,0.001
835,0.0732783595812
836,0.001
837,0.0924470864102
838,0.112033423463
839,0.001
840,0.001
841,0.118400562388
842,0.00990093136003
843,0.001
844,0.001
845,0.001
846,0.0533466402982
847,0.001
848,0.275712357917
849,0.138629776644
850,0.102810925051
851,0.001
852,0.001
853,0.001
854,0.379357378429
855,0.148408865734
856,0.281231636015
857,5.36429295612
858,0.001
859,0.116821560728
860,0.040794258514
861,0.001
862,0.0349821934965
863,0.0242388853545
864,0.0404954405249
865,0.001
866,0.001
867,0.0299117183235
868,0.0733992544451
869,0.0442788606038
870,0.001
871,0.001
872,0.0514057007931
873,0.052297967186
874,0.0478648891904
875,0.0758724703394
876,0.001
877,0.001
878,0.001
879,0.001
880,0.001
881,0.001
882,0.001
883,0.0218024772786
884,0.001
885,0.001
886,0.0192470473615
887,0.001
888,0.001
889,0.0304746354623
890,0.001
891,0.001
892,0.001
893,0.001
894,0.001
895,0.001
896,0.01713366181
897,0.001
898,0.0242427696474
899,0.001
900,0.086244368383
901,0.001
902,0.001
903,0.001
904,0.001
905,0.001
906,0.001
907,0.001
908,0.001
909,0.001
910,0.001
911,0.001
912,0.023387157542
913,0.001
914,0.0376071074523
915,0.0343299025908
916,0.001
917,0.0270981738258
918,0.001
919,0.0451696283507
920,1.37079050876
921,0.001
922,0.10904495133
923,0.001
924,0.001
925,0.0633782176238
926,0.001
927,0.001
928,0.001
929,0.001
930,0.001
931,0.386975176386
932,0.001
933,0.0389401779899
934,0.001
935,0.001
936,0.0142635936744
937,0.001
938,0.001
939,0.001
940,0.001
941,0.001
942,0.001
943,0.001
944,0.051406244894
945,0.001
946,0.001
947,0.001
948,0.001
949,0.001
950,0.001
951,0.038536809773
952,0.001
953,0.001
954,0.0711480929265
955,0.001
956,0.001
957,0.0402554282151
958,0.001
959,0.001
960,0.001
961,0.001
962,0.001
963,0.001
964,0.001
965,0.001
966,0.001
967,0.001
968,0.001
969,0.001
970,0.001
971,0.001
972,0.001
973,0.001
974,0.001
975,0.0242388853545
976,0.112140617409
977,0.001
978,0.001
979,0.0576237433668
980,0.02537469394
981,0.026476752862
982,1.6812311662
983,0.001
984,0.0763282183328
985,0.001
986,0.0576362010657
987,0.137554825999
988,0.001
989,0.20764247309
990,0.001
991,0.0597239346731
992,0.0625023538277
993,0.188276582045
994,0.0773684906081
995,0.001
996,0.0778763061526
997,0.118543564975
998,0.001
999,0.001
1000,0.181249149058
1001,0.0747656451143
1002,0.001
1003,0.001
1004,0.0608710938264
1005,0.001
1006,0.001
1007,0.001
1008,0.001
1009,0.001
1010,0.0182835919236
1011,0.0130038571197
1012,0.0294436294478
1013,0.001
1014,0.001
1015,0.001
1016,0.0454776921514
1017,0.0280326261541
1018,0.0467228514214
1019,0.0192952629836
1020,0.001
1021,0.001
1022,0.001
1023,0.001
1024,0.001
1025,0.001
1026,0.0420549480273
1027,0.001
1028,0.0597834737656
1029,0.001
1030,0.001
1031,0.001
1032,0.001
1033,0.0380423194769
1034,0.001
1035,0.001
1036,0.0415667636369
1037,0.460271857844
1038,0.00258798772563
1039,0.0685270151514
1040,0.001
1041,0.0624943433906
1042,0.146178117294
1043,0.117881716257
1044,0.0283594578945
1045,0.001
1046,0.001
1047,0.001
1048,0.001
1049,0.001
1050,0.140285801099
1051,0.185373196869
1052,0.0694687072429
1053,0.001
1054,0.0883710348874
1055,0.24231928234
1056,0.280361940728
1057,0.045168400286
1058,0.486377987537
1059,0.001
1060,0.0283594578945
1061,0.0778892939343
1062,0.0448326147684
1063,0.0918908423559
1064,0.166659889095
1065,0.07482096965
1066,0.001
1067,0.001
1068,0.0732152014119
1069,0.001
1070,0.0576304171179
1071,0.011127113009
1072,0.001
1073,0.001
1074,0.0057326189678
1075,0.001
1076,0.001
1077,0.001
1078,0.015579586675
1079,0.00831082153337
1080,0.001
1081,0.001
1082,0.00979779421255
1083,0.001
1084,0.001
1085,0.001
1086,0.001
1087,0.0124612597917
1088,0.001
1089,0.001
1090,0.001
1091,0.135854512959
1092,0.032711217938
1093,0.001
1094,0.001
1095,0.0303827084265
1096,0.0884331085706
1097,0.066515107096
1098,0.162704608347
1099,0.001
1100,0.001
1101,0.0173201069526
1102,0.001
1103,0.001
1104,0.001
1105,0.001
1106,0.104779186919
1107,0.0685317151866
1108,0.0755838461711
1109,0.149538012845
1110,0.0778640070862
1111,0.001
1112,0.28286458948
1113,0.0411401610318
1114,0.001
1115,0.001
1116,0.001
1117,0.184923238185
1118,0.0129513330674
1119,0.001
1120,0.001
1121,0.0231149849993
1122,0.001
1123,0.001
1124,0.0483631205543
1125,0.0448983434903
1126,0.0512758957215
1127,0.001
1128,0.001
1129,0.0964982580495
1130,0.146421977642
1131,0.0502078807455
1132,0.001
1133,0.0363759189883
1134,0.0395536193428
1135,0.001
1136,0.001
1137,0.001
1138,0.001
1139,0.0171339599046
1140,0.0701497213
1141,0.0197539868389
1142,0.001
1143,0.001
1144,0.001
1145,0.001
1146,0.001
1147,0.0746386389923
1148,0.001
1149,0.001
1150,0.001
1151,0.172902804769
1152,0.181333300365
1153,0.001
1154,0.0505946874436
1155,0.001
1156,0.001
1157,0.0347854484264
1158,0.001
1159,0.001
1160,0.266343566479
1161,0.103968076914
1162,0.0234405710403
1163,0.001
1164,0.132582988116
1165,0.0249191244095
1166,0.001
1167,0.001
1168,0.0283594578945
1169,0.001
1170,0.001
1171,0.0186886448884
1172,0.001
1173,0.001
1174,0.0747637650862
1175,0.0575375641094
1176,0.0650911203401
1177,0.001
1178,0.001
1179,0.0325352662429
1180,0.001
1181,0.001
1182,0.06064812804
1183,0.001
1184,0.001
1185,0.0734289449992
1186,0.001
1187,0.001
1188,0.001
1189,0.001
1190,0.056070591896
1191,0.001
1192,0.111926343205
1193,0.0551921253774
1194,0.001
1195,0.046730429928
1196,0.001
1197,0.0666893286163
1198,0.0965735161829
1199,0.0758692671176
1200,0.0427649052941
1201,0.0350970783745
1202,0.001
1203,0.001
1204,0.001
1205,0.001
1206,0.001
1207,0.0814630462891
1208,0.224711774806
1209,0.001
1210,0.0172854867783
1211,0.153951796802
1212,0.001
1213,0.001
1214,0.001
1215,0.0386722652658
1216,0.0218026526803
1217,0.001
1218,0.001
1219,0.001
1220,0.0161427101692
1221,0.001
1222,0.001
1223,0.001
1224,0.001
1225,0.0763976982742
1226,0.001
1227,0.001
1228,0.001
1229,0.0869453277224
1230,0.0622928788169
1231,0.0747368648315
1232,0.0464534390264
1233,0.001
1234,0.001
1235,0.001
1236,0.001
1237,0.0231149849993
1238,0.122211943226
1239,0.001
1240,0.0140129458995
1241,0.001
1242,0.001
1243,0.001
1244,0.0425771413714
1245,0.001
1246,0.001
1247,0.001
1248,0.0503918269436
1249,0.001
1250,0.0613464911177
1251,0.001
1252,0.10162346024
1253,0.001
1254,0.0322324848542
1255,0.001
1256,0.127721546267
1257,0.0436009057344
1258,0.117080536793
1259,0.001
1260,0.201478065879
1261,0.0575347591892
1262,0.15846080105
1263,0.001
1264,0.0747442081499
1265,0.001
1266,0.001
1267,0.001
1268,0.001
1269,0.0532563571046
1270,0.001
1271,0.0420520969181
1272,0.001
1273,0.001
1274,0.0948657277232
1275,0.001
1276,0.0840781765017
1277,0.127545148377
1278,0.001
1279,0.001
1280,0.0227806992838
1281,0.001
1282,0.001
1283,0.0819921612294
1284,0.001
1285,0.001
1286,0.001
1287,0.001
1288,0.001
1289,0.0475169134404
1290,0.068744689347
1291,0.001
1292,0.001
1293,0.001
1294,0.0605903502015
1295,0.001
1296,0.001
1297,0.238634469452
1298,0.058159148142
1299,0.0613762240258
1300,0.0462045631461
1301,0.001
1302,0.001
1303,0.001
1304,0.0420563541749
1305,0.001
1306,0.0591783986294
1307,0.121505960496
1308,0.001
1309,0.001
1310,0.001
1311,0.001
1312,0.001
1313,0.001
1314,0.001
1315,0.001
1316,0.0234405710403
1317,0.001
1318,0.0758724703394
1319,0.001
1320,0.001
1321,0.001
1322,0.001
1323,0.001
1324,0.107844583751
1325,0.0906976095498
1326,0.107365176
1327,0.0669831104896
1328,0.235861512491
1329,0.001
1330,0.001
1331,0.001
1332,0.0258216782891
1333,0.001
1334,0.0498297687184
1335,0.001
1336,0.001
1337,0.001
1338,0.088925581169
1339,0.001
1340,0.144050525708
1341,0.240578643866
1342,0.0681780553686
1343,0.0903196372831
1344,0.001
1345,0.001
1346,0.001
1347,0.001
1348,0.0702629393946
1349,0.0540090684036
1350,0.001
1351,0.001
1352,0.001
1353,0.0415859344961
1354,0.001
1355,0.001
1356,0.001
1357,0.001
1358,0.001
1359,0.001
1360,0.001
1361,0.001
1362,0.001
1363,0.001
1364,0.001
1365,0.109051198713
1366,0.001
1367,0.068750809837
1368,0.102626456525
1369,0.0993967646741
1370,0.001
1371,0.0436358987472
1372,0.001
1373,0.001
1374,0.001
1375,0.001
1376,0.0308245925769
1377,0.001
1378,0.001
1379,0.001
1380,0.0423603633792
1381,0.001
1382,0.001
1383,0.001
1384,0.001
1385,0.001
1386,0.001
1387,0.001
1388,0.112154804602
1389,0.001
1390,0.0996183663866
1391,0.001
1392,0.166671731416
1393,0.001
1394,0.282907321311
1395,0.0817342334019
1396,0.0652422896272
1397,0.001
1398,0.158286840428
1399,0.473992702237
1400,0.219532053592
1401,0.001
1402,1.0
1403,0.001
1404,0.001
1405,0.301359289218
1406,0.0163232371922
1407,0.001
1408,0.001
1409,0.093439604835
1410,0.0525896821372
1411,0.0731997978768
1412,0.0840968834688
1413,0.0474684277156
1414,0.001
1415,0.001
1416,0.001
1417,0.292487514139
1418,0.001
1419,0.0508417320168
1420,0.0503274598586
1421,0.001
1422,0.001
1423,0.001
1424,0.001
1425,0.0136211022339
1426,0.0834002763409
1427,0.001
1428,0.0763005774651
1429,0.001
1430,0.11213624279
1431,0.001
1432,0.001
1433,0.001
1434,0.001
1435,0.001
1436,0.001
1437,0.001
1438,0.001
1439,0.0186876605589
1440,0.104227232872
1441,0.211537030118
1442,0.115660623652
1443,0.250760762949
1444,0.001
1445,0.309863261445
1446,0.127122812772
1447,0.001
1448,0.001
1449,0.116636923852
1450,0.001
1451,0.001
1452,0.001
1453,0.001
1454,0.0217934580885
1455,0.138400138316
1456,0.0716451064482
1457,0.001
1458,0.001
1459,0.0264820049629
1460,0.001
1461,0.001
1462,0.001
1463,0.001
1464,0.001
1465,0.0633627459813
1466,0.001
1467,0.001
1468,0.0264799974296
1469,0.001
1470,0.0773218930611
1471,0.105193730105
1472,0.001
1473,0.0499038198129
1474,0.001
1475,0.001
1476,0.001
1477,0.001
1478,0.155140039027
1479,0.001
1480,0.0993964127091
1481,0.001
1482,0.0452932353837
1483,0.001
1484,0.001
1485,0.101498301931
1486,0.0529529004429
1487,0.001
1488,0.0349305119866
1489,0.001
1490,0.001
1491,0.0511172546621
1492,0.001
1493,0.001
1494,0.104231928234
1495,0.0499038198129
1496,0.109021676278
1497,0.001
1498,0.102313906545
1499,0.001
1500,0.0294436294478
1501,0.183098284094
1502,0.001
1503,0.001
1504,0.001
1505,0.0202502877176
1506,0.0243706335219
1507,0.0651384690553
1508,0.001
1509,0.001
1510,0.001
1511,0.001
1512,0.001
1513,0.001
1514,0.001
1515,0.001
1516,0.001
1517,0.001
1518,0.001
1519,0.0575417672865
1520,0.157757790366
1521,0.001
1522,0.001
1523,0.001
1524,0.0342671570134
1525,0.001
1526,0.0202526560108
1527,0.001
1528,0.001
1529,0.0134467006475
1530,0.0710010738855
1531,0.0442232006257
1532,0.0202485959037
1533,0.001
1534,0.001
1535,0.054102511736
1536,0.001
1537,0.0124202494542
1538,0.001
1539,0.001
1540,0.0578985748842
1541,0.0462023154415
1542,0.001
1543,0.001
1544,0.0348067499727
1545,0.16666354259
1546,0.001
1547,0.145123698955
1548,0.0857284086902
1549,0.226203217748
1550,0.001
1551,0.001
1552,0.001
1553,0.0466509511979
1554,0.001
1555,0.001
1556,0.049168703783
1557,0.001
1558,0.204539880196
1559,0.102278541567
1560,0.0523280659088
1561,0.090337229054
1562,0.001
1563,0.0326558162508
1564,0.0341576586171
1565,0.001
1566,0.0964779339249
1567,0.001
1568,0.001
1569,0.037161628147
1570,0.059244628451
1571,0.113714804309
1572,0.001
1573,0.001
1574,0.001
1575,0.001
1576,0.0358205695472
1577,0.0758724703394
1578,0.0169721296137
1579,0.001
1580,0.001
1581,0.001
1582,0.001
1583,0.001
1584,0.001
1585,0.001
1586,0.001
1587,0.001
1588,0.0264775734146
1589,0.001
1590,0.0511412306762
1591,0.001
1592,0.001
1593,0.191719175785
1594,0.0652716599926
1595,0.107117333848
1596,0.0439187648194
1597,0.001
1598,0.0553875135056
1599,0.0794374798176
1600,0.101245890288
1601,0.001
1602,0.204645231413
1603,0.001
1604,0.0241173315208
1605,0.001
1606,0.039294935823
1607,0.093443585927
1608,1.0
1609,0.001
1610,0.001
1611,0.001
1612,0.001
1613,0.001
1614,0.0403849903262
1615,0.001
1616,0.0308073852003
1617,0.001
1618,0.455815453497
1619,0.001
1620,0.001
1621,0.0996273270825
1622,0.0483326343539
1623,0.141757932499
1624,0.001
1625,0.188826735416
1626,0.0248275008474
1627,0.001
1628,0.0993964127091
1629,0.001
1630,0.0436073971666
1631,0.001
1632,0.073209107579
1633,0.103674776401
1634,0.0652169243849
1635,0.00545368797047
1636,0.0842026761847
1637,0.001
1638,0.108331910386
1639,0.001
1640,0.346596155817
1641,0.0296661795214
1642,0.001
1643,0.001
1644,0.159373302562
1645,0.0918991531214
1646,0.17557837546
1647,0.130800958331
1648,0.0794272746098
1649,0.413849808846
1650,0.001
1651,0.001
1652,0.0342724477004
1653,0.240350517014
1654,0.00526552585233
1655,0.0545079563266
1656,0.0139649701754
1657,0.0249392402632
1658,0.001
1659,0.001
1660,0.0264773852878
1661,0.001
1662,0.001
1663,0.0978184730564
1664,0.0746386389923
1665,0.0697776762087
1666,0.001
1667,0.001
1668,0.001
1669,0.0742564382725
1670,0.0973757301309
1671,0.001
1672,0.001
1673,0.001
1674,0.001
1675,0.001
1676,0.0304231717186
1677,0.0669732843653
1678,0.049834662278
1679,0.001
1680,0.001
1681,0.001
1682,0.0202498378028
1683,0.001
1684,0.001
1685,0.001
1686,0.001
1687,0.001
1688,0.0607383158709
1689,0.0580107293338
1690,0.001
1691,0.001
1692,0.0450948104561
1693,0.0949972698997
1694,0.001
1695,0.001
1696,0.001
1697,0.148001361011
1698,0.0794329053313
1699,0.001
1700,0.001
1701,0.156944280509
1702,0.0641009483076
1703,0.0590115105561
1704,0.175996195441
1705,0.0903209261528
1706,0.0979722783215
1707,0.237255165001
1708,0.0975558829419
1709,0.0981373437025
1710,0.001
1711,0.00816161859612
1712,0.001
1713,0.001
1714,0.001
1715,0.001
1716,0.16946045016
1717,0.209096158827
1718,0.001
1719,0.0888350058225
1720,0.213079232747
1721,0.135294274358
1722,0.102953234305
1723,0.09968969049
1724,0.001
1725,0.208921781675
1726,0.001
1727,0.0109052923401
1728,0.001
1729,0.001
1730,0.0264746070371
1731,0.001
1732,0.001
1733,0.0286224670777
1734,0.001
1735,0.0903525486738
1736,0.0519788677376
1737,0.119895601427
1738,0.001
1739,0.0918854176623
1740,0.0173516416688
1741,0.231694526718
1742,0.272327500726
1743,0.146092480397
1744,0.001
1745,0.248855362889
1746,0.001
1747,0.124584677154
1748,0.163546163371
1749,0.117080536793
1750,0.0780232196756
1751,0.001
1752,0.152653213548
1753,0.109122680955
1754,0.0738743357151
1755,0.389832294784
1756,0.0536040569171
1757,0.170714921412
1758,0.001
1759,0.001
1760,0.0586208332666
1761,0.001
1762,0.001
1763,0.001
1764,0.001
1765,0.001
1766,0.0965590446797
1767,0.0304912256567
1768,0.0428072156421
1769,0.0588568326571
1770,0.0562303703175
1771,0.001
1772,0.159373302562
1773,0.001
1774,0.219619511456
1775,0.001
1776,0.292882666152
1777,0.001
1778,0.0596071335214
1779,0.00450855937258
1780,0.001
1781,0.123611796592
1782,0.001
1783,0.0395164001246
1784,0.125283704724
1785,0.0947129963337
1786,0.139407940395
1787,0.001
1788,0.001
1789,0.0249810332978
1790,0.21649174955
1791,0.001
1792,0.0848480128972
1793,0.001
1794,0.0981130072269
1795,0.0794315463464
1796,0.00449423170749
1797,0.001
1798,0.0934430120004
1799,0.001
1800,0.208730186088
1801,0.0647732363272
1802,0.0919334768749
1803,0.001
1804,0.001
1805,0.101299778632
1806,0.204982268847
1807,0.001
1808,0.001
1809,0.0280372447899
1810,0.001
1811,0.001
1812,0.001
1813,0.001
1814,0.001
1815,0.24866560241
1816,0.001
1817,0.197328456563
1818,0.147985115704
1819,0.105648165122
1820,0.117496608395
1821,0.141357480468
1822,0.0035504540498
1823,0.0321519990559
1824,0.0763677250161
1825,0.0879637792977
1826,0.001
1827,0.15270674255
1828,0.0650972637693
1829,0.001
1830,0.0620225233919
1831,0.0732048061386
1832,0.0150599230052
1833,0.001
1834,0.0607289443602
1835,0.001
1836,0.001
1837,0.001
1838,0.001
1839,0.001
1840,0.0130110994689
1841,0.001
1842,0.001
1843,0.001
1844,0.001
1845,0.001
1846,0.0545196815013
1847,0.0987102712571
1848,0.001
1849,0.069184564373
1850,0.345936373153
1851,0.0421233141965
1852,0.131156373073
1853,0.0856953098524
1854,0.001
1855,0.0447772597412
1856,0.001
1857,0.001
1858,0.001
1859,0.0587746783583
1860,0.140394835879
1861,0.107409310212
1862,0.21824536191
1863,0.0389005544855
1864,0.001
1865,0.137894993731
1866,0.001
1867,0.001
1868,0.0658003675097
1869,0.001
1870,0.284394189056
1871,0.001
1872,0.0902642962259
1873,0.001
1874,0.17441719138
1875,0.253641982146
1876,0.220203893383
1877,0.176564399278
1878,0.420313348719
1879,0.0840943155376
1880,0.001
1881,0.001
1882,0.001
1883,0.0244817605173
1884,0.001
1885,0.001
1886,0.001
1887,0.001
1888,0.001
1889,0.165065509954
1890,0.0358236003542
1891,0.0673621206099
1892,0.001
1893,0.001
1894,0.0841110458029
1895,0.001
1896,0.0596071335214
1897,0.0739934580314
1898,0.111351151719
1899,0.0039021426585
1900,0.0539844474595
1901,0.0560461330509
1902,0.001
1903,0.001
1904,0.0373778498254
1905,0.0268681679098
1906,0.0338507400209
1907,0.0607350977406
1908,0.001
1909,0.001
1910,0.0374102930605
1911,0.001
1912,0.001
1913,0.001
1914,0.001
1915,0.001
1916,0.001
1917,0.001
1918,0.0516008139773
1919,0.018822097677
1920,0.001
1921,0.001
1922,0.222112818488
1923,0.001
1924,0.0546261869808
1925,0.001
1926,0.001
1927,0.119933388747
1928,0.204982268847
1929,0.109363720794
1930,0.0535586874172
1931,0.001
1932,0.0766187095269
1933,0.001
1934,0.001
1935,0.0455283371447
1936,0.078912826042
1937,0.117080536793
1938,0.201105754765
1939,0.101149351084
1940,0.001
1941,0.001
1942,0.34734411234
1943,0.602185492931
1944,0.233662683039
1945,0.001
1946,0.351505803911
1947,1.44007460285
1948,0.286619433299
1949,0.195986636285
1950,0.00816161859612
1951,0.542484248093
1952,0.207563656916
1953,0.174318030989
1954,0.001
1955,0.001
1956,0.001
1957,0.001
1958,0.001
1959,0.00934346189064
1960,0.001
1961,0.0498405296951
1962,0.0654176017066
1963,0.0533981318425
1964,0.001
1965,0.065182772257
1966,0.0482342704585
1967,0.001
1968,0.0289891894154
1969,0.001
1970,0.0565711852861
1971,0.001
1972,0.001
1973,0.0825500975757
1974,0.112152490957
1975,0.0410139045429
1976,0.148749692837
1977,0.0677532861939
1978,0.001
1979,0.097343515216
1980,0.001
1981,0.0716632386077
1982,0.0560407931048
1983,0.001
1984,0.001
1985,0.0157448089338
1986,0.001
1987,0.001
1988,0.001
1989,0.001
1990,0.001
1991,0.001
1992,0.001
1993,0.001
1994,0.001
1995,0.001
1996,0.0171316721723
1997,0.001
1998,0.001
1999,0.0727947043511
2000,0.001
2001,0.0249195799751
2002,0.035257990204
2003,0.001
2004,0.001
2005,0.177570116052
2006,0.001
2007,0.0859640138571
2008,0.0155739140398
2009,0.001
2010,0.236772883481
2011,0.001
2012,0.20233251028
2013,0.100878378007
2014,0.203373645891
2015,0.001
2016,0.241455977855
2017,1.08832723922
2018,0.122211943226
2019,0.319317865571
2020,0.34313018402
2021,0.0620225233919
2022,0.0879082321852
2023,0.153281142361
2024,0.0970953964106
2025,0.001
2026,0.001
2027,0.001
2028,0.001
2029,0.001
2030,0.001
2031,0.001
2032,0.001
2033,0.0420511435596
2034,0.0436158840708
2035,0.001
2036,0.0388364415291
2037,0.001
2038,0.0400616947847
2039,0.0498512336573
2040,0.001
2041,0.0490328416629
2042,0.115196469567
2043,0.001
2044,0.001
2045,0.001
2046,0.349838515811
2047,0.065182772257
2048,0.102967888491
2049,0.001
2050,0.0576432288695
2051,0.0682532404498
2052,0.0778783559926
2053,0.001
2054,0.198158879134
2055,0.0620776754018
2056,0.001
2057,0.001
2058,0.001
2059,0.001
2060,0.001
2061,0.210395482467
2062,0.001
2063,0.001
2064,0.0448987360734
2065,0.001
2066,0.599320355391
2067,0.113505690593
2068,0.0716510169668
2069,0.001
2070,0.001
2071,0.0459355644804
2072,0.001
2073,0.073870322752
2074,0.0420629351726
2075,0.001
2076,0.175107963806
2077,0.341080464574
2078,0.17788910124
2079,0.147952755724
2080,0.0685363180229
2081,0.001
2082,0.001
2083,0.180481106117
2084,0.159373302562
2085,0.216502098874
2086,0.001
2087,0.281924938219
2088,0.171512562457
2089,0.102390807368
2090,0.468794830047
2091,0.433044750469
2092,1.2683875952
2093,0.001
2094,0.12538023485
2095,0.129872127145
2096,0.001
2097,0.001
2098,0.001
2099,0.00857315699835
2100,0.001
2101,0.001
2102,0.001
2103,0.0553924223069
2104,0.230673969192
2105,0.001
2106,0.11005541488
2107,0.001
2108,0.0461808133161
2109,0.147395855774
2110,0.001
2111,0.120939886175
2112,0.107050618557
2113,0.0428072156421
2114,0.001
2115,0.0460587939437
2116,0.20254839275
2117,0.060756973458
2118,0.001
2119,0.370764869606
2120,0.141741749024
2121,0.101203002717
2122,0.159373302562
2123,0.001
2124,0.136759836004
2125,0.0942645467662
2126,0.136202326293
2127,0.001
2128,0.001
2129,0.0260504590827
2130,0.122211943226
2131,0.001
2132,0.001
2133,0.015974457471
2134,0.0311465532627
2135,0.001
2136,0.0746386389923
2137,0.001
2138,0.0932051044629
2139,0.001
2140,0.0187113816332
2141,0.0244817605173
2142,0.001
2143,0.0258933177182
2144,0.001
2145,0.45996498938
2146,0.001
2147,0.0932260572813
2148,0.314673072352
2149,0.200961178839
2150,0.120053245443
2151,0.154225888164
2152,0.028141028013
2153,0.001
2154,0.001
2155,0.154905189544
2156,0.0825501088162
2157,0.171238856659
2158,0.286630610029
2159,0.513115924015
2160,0.081155395835
2161,0.336093845179
2162,0.187989592587
2163,0.126078748695
2164,0.001
2165,0.001
2166,0.001
2167,0.001
2168,0.001
2169,0.0237342138578
2170,0.001
2171,0.0449524418974
2172,0.045751426825
2173,0.059196512212
2174,0.081155395835
2175,0.0389400470173
2176,0.001
2177,0.0879017320549
2178,0.001
2179,0.001
2180,0.001
2181,0.001
2182,0.001
2183,0.0170148530889
2184,0.0385211141394
2185,0.00306988517058
2186,0.0485990920382
2187,0.001
2188,0.00849314397243
2189,0.001
2190,0.0568885114131
2191,0.001
2192,0.001
2193,0.001
2194,0.001
2195,0.001
2196,0.001
2197,0.001
2198,0.001
2199,0.001
2200,0.001
2201,0.001
2202,0.001
2203,0.001
2204,0.001
2205,0.0840340889355
2206,0.001
2207,0.001
2208,0.0654142124193
2209,0.001
2210,0.001
2211,0.0293370592613
2212,0.0437387241808
2213,0.001
2214,0.143348983968
2215,0.619449586116
2216,0.001
2217,0.405965461682
2218,0.700042349464
2219,0.14484551138
2220,0.22990434753
2221,0.288842345304
2222,0.137063603687
2223,0.230154541542
2224,0.001
2225,0.137132169841
2226,0.0456736259262
2227,0.001
2228,0.0242388853545
2229,0.001
2230,0.001
2231,0.167209783526
2232,0.001
2233,0.001
2234,0.001
2235,0.001
2236,0.001
2237,0.001
2238,0.0342607861081
2239,0.0489632071549
2240,0.0579857444391
2241,0.0481497788763
2242,0.001
2243,0.001
2244,0.0467220460482
2245,0.0169855038819
2246,0.0273544169878
2247,0.0758724703394
2248,0.0429657393361
2249,0.001
2250,0.001
2251,0.0588502476325
2252,0.0342647157665
2253,0.001
2254,0.001
2255,0.475377872093
2256,0.001
2257,0.278820578286
2258,0.001
2259,0.001
2260,0.001
2261,0.0311512473153
2262,0.0420695711149
2263,0.001
2264,0.0499038198129
2265,0.001
2266,0.001
2267,0.12150512989
2268,0.0186903479952
2269,0.001
2270,0.0557440985394
2271,0.001
2272,0.0763300125422
2273,0.001
2274,0.417768823012
2275,0.001
2276,0.0428072156421
2277,0.001
2278,0.001
2279,0.0877239906541
2280,0.109122680955
2281,0.001
2282,0.001
2283,0.001
2284,0.0850919407096
2285,0.367059298803
2286,0.632179270759
2287,0.656892198521
2288,0.393624713028
2289,0.924528568466
2290,0.191561548968
2291,0.501403094567
2292,0.311541557996
2293,0.568541377879
2294,0.0421233141965
2295,0.001
2296,0.001
2297,0.001
2298,0.001
2299,0.001
2300,0.001
2301,0.001
2302,0.001
2303,0.0439237376642
2304,0.001
2305,0.001
2306,0.0638552524411
2307,0.001
2308,0.001
2309,0.101222935915
2310,0.001
2311,0.001
2312,0.001
2313,0.001
2314,0.0813570617317
2315,0.001
2316,0.448753180286
2317,0.001
2318,0.046912546051
2319,0.0788233056535
2320,0.001
2321,0.144841876453
2322,0.192607822901
2323,0.001
2324,0.236813692198
2325,0.0329374161375
2326,0.110927488027
2327,0.001
2328,0.001
2329,1.08836909301
2330,0.001
2331,0.001
2332,0.0171298270272
2333,0.001
2334,0.001
2335,0.001
2336,0.0747777934258
2337,1.16275411733
2338,0.183124746761
2339,0.001
2340,0.001
2341,0.001
2342,1.46398895023
2343,0.0541701027417
2344,0.0473438476948
2345,0.911965218529
2346,0.366042436239
2347,0.298911936304
2348,2.55094810456
2349,3.17355727677
2350,1.11230780703
2351,0.602718578435
2352,4.56482974613
2353,1.81934070342
2354,0.001
2355,0.001
2356,0.001
2357,0.001
2358,0.001
2359,0.0842138545982
2360,0.001
2361,0.0399010803508
2362,0.0551583495584
2363,0.001
2364,0.0498428541968
2365,0.103337053575
2366,0.0681780553686
2367,0.0763152004194
2368,0.0281354180532
2369,0.001
2370,0.001
2371,0.001
2372,1.76944883619
2373,0.001
2374,0.001
2375,0.845177293333
2376,0.0605801390995
2377,0.001
2378,2.04990414539
2379,0.001
2380,0.001
2381,0.1204190765
2382,1.98863148653
2383,0.0057326189678
2384,0.001
2385,0.0343226294969
2386,0.001
2387,0.0665169957413
2388,0.001
2389,0.0467216600476
2390,0.001
2391,0.066067058652
2392,0.001
2393,0.131495645832
2394,0.046723060623
2395,0.001
2396,0.139095188814
2397,0.243752316111
2398,0.001
2399,0.180659735551
2400,0.122211943226
2401,0.346596155817
2402,0.105237665085
2403,0.001
2404,1.17819316019
2405,0.330020661478
2406,0.493756464054
2407,1.48058969305
2408,0.626765345026
2409,1.03472543984
2410,1.49653178653
2411,2.03972814216
2412,0.336210104907
2413,0.285714285714
2414,0.001
2415,0.001
2416,0.001
2417,0.001
2418,0.001
2419,0.001
2420,0.001
2421,0.0700879915452
2422,0.0598828659822
2423,0.203060548123
2424,0.001
2425,0.0583676762808
2426,0.322446399937
2427,0.0685523763148
2428,0.0373399444436
2429,0.001
2430,0.0467338876886
2431,0.001
2432,0.0428072156421
2433,0.001
2434,0.0486628145113
2435,0.001
2436,0.001
2437,0.107439180729
2438,0.001
2439,0.129300298742
2440,0.001
2441,0.0764984922117
2442,0.0794383481181
2443,0.105079003852
2444,0.0727947043511
2445,0.0852767372855
2446,0.110487281204
2447,0.063747804716
2448,0.210150121306
2449,0.0435365056639
2450,0.11371223381
2451,0.001
2452,0.001
2453,0.217428186685
2454,0.001
2455,0.001
2456,0.0726137035261
2457,0.001
2458,0.13207773682
2459,0.104683848308
2460,0.0505894350192
2461,0.17611924491
2462,0.001
2463,0.001
2464,0.001
2465,0.257019783798
2466,0.272712221474
2467,0.674765687385
2468,0.232392661177
2469,0.001
2470,0.0124630022706
2471,0.001
2472,0.0320358497549
2473,0.001
2474,0.001
2475,0.001
2476,0.001
2477,0.0260118731712
2478,0.001
2479,0.0452932353837
2480,0.001
2481,0.001
2482,0.001
2483,0.001
2484,0.001
2485,0.043620431849
2486,0.0996152792515
2487,0.107148951532
2488,0.001
2489,0.001
2490,0.001
2491,0.0886199894881
2492,0.001
2493,0.117458337052
2494,0.001
2495,0.166685738306
2496,0.116832591284
2497,0.0847861689544
2498,0.0232417735238
2499,0.0879017320549
2500,0.193135281243
2501,0.0676848898474
2502,0.001
2503,0.001
2504,0.0879017320549
2505,0.160293727315
2506,0.134093130852
2507,0.0704632561121
2508,0.118938569738
2509,0.0548599847834
2510,0.001
2511,0.001
2512,0.0413489940164
2513,0.122211943226
2514,0.0656067939531
2515,0.001
2516,0.001
2517,0.001
2518,0.001
2519,0.001
2520,0.001
2521,0.211371502856
2522,0.424996043166
2523,0.258065438409
2524,0.001
2525,0.001
2526,0.001
2527,0.001
2528,0.001
2529,0.001
2530,0.001
2531,0.001
2532,0.001
2533,0.0576246429257
2534,0.0249043338447
2535,0.0057326189678
2536,0.001
2537,0.001
2538,0.0612113155347
2539,0.001
2540,0.0428072156421
2541,0.001
2542,0.001
2543,0.0290190218941
2544,0.163561144843
2545,0.0373493713099
2546,0.001
2547,0.0957738361046
2548,0.001
2549,0.12145598622
2550,0.101366589027
2551,0.147955748932
2552,0.046726938647
2553,0.001
2554,0.001
2555,0.0872594195012
2556,0.0607521788441
2557,0.001
2558,0.001
2559,0.127691011243
2560,0.001
2561,0.090924126781
2562,0.0428072156421
2563,0.001
2564,0.001
2565,0.001
2566,0.001
2567,0.001
2568,0.001
2569,0.001
2570,0.001
2571,0.001
2572,0.001
2573,0.001
2574,0.001
2575,0.001
2576,0.001
2577,0.0662547972507
2578,0.001
2579,0.0529510394459
2580,0.001
2581,0.0284430695457
2582,0.001
2583,0.001
2584,0.105682446079
2585,0.00831082153337
2586,0.489124212597
2587,0.140223902469
2588,0.385853233874
2589,0.473602998545
2590,0.13928388326
2591,0.186779256402
2592,0.06030281921
2593,0.21824536191
2594,0.001
2595,0.102803700858
2596,0.236141285678
2597,0.001
2598,0.001
2599,0.001
2600,0.001
2601,0.0758724703394
2602,0.223645318166
2603,0.0466164370922
2604,0.0840218890355
2605,0.001
2606,0.001
2607,0.001
2608,0.001
2609,0.001
2610,0.001
2611,0.00467199679455
2612,0.001
2613,0.001
2614,0.001
2615,0.001
2616,0.001
2617,0.001
2618,0.001
2619,0.001
2620,0.0681780553686
2621,0.001
2622,0.001
2623,0.001
2624,0.0239647807906
2625,0.001
2626,0.001
2627,0.001
2628,0.0858217122247
2629,0.001
2630,0.001
2631,0.096574548269
2632,0.001
2633,0.117080536793
2634,0.0529491801424
2635,0.0623206270433
2636,0.001
2637,0.001
2638,0.0996873609926
2639,0.137084874185
2640,0.001
2641,0.0825501712369
2642,0.001
2643,0.0852858575609
2644,0.0261966131306
2645,0.403775094266
2646,0.112128607077
2647,0.001
2648,0.0747613097691
2649,0.001
2650,0.001
2651,0.001
2652,0.001
2653,0.001
2654,0.001
2655,0.001
2656,0.001
2657,0.001
2658,0.0681780553686
2659,0.001
2660,0.0602884603439
2661,0.001
2662,0.001
2663,0.001
2664,0.001
2665,0.001
2666,0.0996974081092
2667,0.118818164514
2668,0.0330456859971
2669,0.0017531663137
2670,0.001
2671,0.001
2672,0.0482901141596
2673,0.001
2674,0.001
2675,0.001
2676,0.001
2677,0.0685306315533
2678,0.126170264178
2679,0.001
2680,0.001
2681,0.0461808133161
2682,0.045969485237
2683,0.001
2684,0.001
2685,0.001
2686,0.001
2687,0.001
2688,0.001
2689,0.001
2690,0.001
2691,0.001
2692,0.001
2693,0.001
2694,0.001
2695,0.0623438210746
2696,0.00770649338828
2697,0.0117076643891
2698,0.0770832081149
2699,0.0429263608973
2700,0.001
2701,0.001
2702,0.001
2703,0.0621765972159
2704,0.0316819644135
2705,0.001
2706,0.001
2707,0.001
2708,0.0589688347146
2709,0.110585087377
2710,0.001
2711,0.020570289411
2712,0.0879741494148
2713,0.001
2714,0.001
2715,0.001
2716,0.001
2717,0.001
2718,0.001
2719,0.001
2720,0.0716542946095
2721,0.001
2722,0.0805610769207
2723,0.001
2724,0.0331447166622
2725,0.0358273567072
2726,0.001
2727,0.001
2728,0.001
2729,0.123269980222
2730,0.001
2731,0.001
2732,0.0243528537321
2733,0.0654113159911
2734,0.19848316841
2735,0.395184508696
2736,0.0294436294478
2737,0.001
2738,0.001
2739,0.001
2740,0.001
2741,0.001
2742,0.001
2743,0.242099527345
2744,0.001
2745,0.0700919364355
2746,0.476624607563
2747,0.212621653105
2748,0.001
2749,0.141980391019
2750,0.001
2751,0.49683354648
2752,0.307919025928
2753,0.107419441913
2754,0.081155395835
2755,0.0979041029773
2756,0.0399596980119
2757,0.001
2758,0.001
2759,0.001
2760,0.001
2761,0.188456878372
2762,0.0681780553686
2763,0.001
2764,0.001
2765,0.001
2766,0.001
2767,0.001
2768,0.208921781675
2769,0.001
2770,0.0433135461935
2771,0.0934978281115
2772,0.0636503808858
2773,0.001
2774,0.0790019983369
2775,0.0809898784841
2776,0.001
2777,0.199386383412
2778,0.0882028143991
2779,0.0441570791589
2780,0.001
2781,0.001
2782,0.001
2783,0.001
2784,0.0436929245017
2785,0.001
2786,0.001
2787,0.001
2788,0.001
2789,0.001
2790,0.001
2791,0.001
2792,0.001
2793,0.001
2794,0.001
2795,0.0436175313945
2796,0.0267314728529
2797,0.0373654677755
2798,0.0707821465774
2799,0.116363372605
2800,0.110601475171
2801,0.0277709658194
2802,0.460271857844
2803,0.22720472858
2804,0.119578833224
2805,0.001
2806,0.0140152516059
2807,0.001
2808,0.0156469398824
2809,0.0614146825107
2810,0.0591859234753
2811,0.001
2812,0.033810585995
2813,0.001
2814,0.001
2815,0.0994044796907
2816,0.0685352909325
2817,0.001
2818,0.001
2819,0.007804285317
2820,0.106043612623
2821,0.001
2822,0.001
2823,0.001
2824,0.0299634922891
2825,0.001
2826,0.001
2827,0.0648915158668
2828,0.0452932353837
2829,0.0607559501843
2830,0.001
2831,0.0505951041925
2832,0.001
2833,0.0656593597791
2834,0.001
2835,0.136607760062
2836,0.123048270996
2837,0.001
2838,0.001
2839,0.001
2840,0.00622796435969
2841,0.001
2842,0.001
2843,0.001
2844,0.001
2845,0.001
2846,0.0576303807327
2847,0.0758007701273
2848,0.0393121674087
2849,0.001
2850,0.0529652759915
2851,0.151744940679
2852,0.00160683273496
2853,0.0919206109422
2854,0.0538484936785
2855,0.163531538056
2856,0.485333812371
2857,0.218162057708
2858,0.317641774619
2859,0.001
2860,0.001
2861,0.001
2862,0.001
2863,0.001
2864,0.001
2865,0.001
2866,0.001
2867,0.001
2868,0.001
2869,0.001
2870,0.001
2871,0.001
2872,0.001
2873,0.001
2874,0.001
2875,0.0155759621069
2876,0.0567936797104
2877,0.0485934483587
2878,0.0591781162645
2879,0.00306988517058
2880,0.34352084468
2881,0.127728919887
2882,0.102885405614
2883,0.0177783194791
2884,0.0601457699891
2885,0.001
2886,0.0218063456081
2887,0.001
2888,0.001
2889,0.001
2890,0.001
2891,0.012225056135
2892,0.0218040712386
2893,0.001
2894,0.0727947043511
2895,0.437871785809
2896,0.001
2897,0.001
2898,0.001
2899,0.107469847852
2900,0.278913557423
2901,0.194365706981
2902,0.001
2903,0.001
2904,0.001
2905,0.001
2906,0.001
2907,0.001
2908,0.001
2909,0.001
2910,0.001
2911,0.001
2912,0.124131996769
2913,0.0539088846093
2914,0.001
2915,0.015062672607
2916,0.0884475181276
2917,0.001
2918,0.001
2919,0.001
2920,0.001
2921,0.001
2922,0.001
2923,0.001
2924,0.001
2925,0.001
2926,0.001
2927,0.001
2928,0.001
2929,0.001
2930,0.001
2931,0.001
2932,0.001
2933,0.001
2934,0.001
2935,0.001
2936,0.001
2937,0.00605352122523
2938,0.001
2939,0.001
2940,0.001
2941,0.001
2942,0.001
2943,0.001
2944,0.001
2945,0.001
2946,0.0368401122179
2947,0.001
2948,0.001
2949,0.001
2950,0.001
2951,0.001
2952,0.001
2953,0.001
2954,0.001
2955,0.001
2956,0.001
2957,0.001
2958,0.001
2959,0.0517034426719
2960,0.001
2961,0.001
2962,0.001
2963,0.001
2964,0.0562497725476
2965,0.001
2966,0.0262999537519
2967,0.0645841833954
2968,0.001
2969,0.001
2970,0.001
2971,0.0153573177986
2972,0.001
2973,0.0541402950249
2974,0.001
2975,0.001
2976,0.001
2977,0.001
2978,0.0160084997669
2979,0.001
2980,0.00984644330206
2981,0.001
2982,0.001
2983,0.001
2984,0.001
