0,0.001
1,0.001
2,0.001
3,0.001
4,0.001
5,0.001
6,0.001
7,0.001
8,0.001
9,0.001
10,0.001
11,0.001
12,0.001
13,0.001
14,0.001
15,0.001
16,0.001
17,0.001
18,0.001
19,0.001
20,0.001
21,0.001
22,0.001
23,0.001
24,0.001
25,0.001
26,0.001
27,0.001
28,0.001
29,0.001
30,0.001
31,0.001
32,0.001
33,0.001
34,0.001
35,0.001
36,0.001
37,0.001
38,0.001
39,0.001
40,0.001
41,0.001
42,0.001
43,0.001
44,0.001
45,0.001
46,0.001
47,0.001
48,0.001
49,0.001
50,0.001
51,0.001
52,0.001
53,0.001
54,0.001
55,0.001
56,0.001
57,0.001
58,0.001
59,0.001
60,0.001
61,0.001
62,0.001
63,0.001
64,0.001
65,0.001
66,0.001
67,0.001
68,0.001
69,0.001
70,0.001
71,0.001
72,0.001
73,0.001
74,0.001
75,0.001
76,0.001
77,0.001
78,0.001
79,0.001
80,0.001
81,0.001
82,0.001
83,0.001
84,0.001
85,0.001
86,0.001
87,0.001
88,0.001
89,0.001
90,0.001
91,0.001
92,0.001
93,0.001
94,0.001
95,0.001
96,0.001
97,0.001
98,0.001
99,0.001
100,0.001
101,0.001
102,0.001
103,0.001
104,0.001
105,0.001
106,0.001
107,0.001
108,0.001
109,0.001
110,0.001
111,0.001
112,0.001
113,0.00467165439325
114,0.0181466663711
115,0.001
116,0.001
117,0.001
118,0.001
119,0.001
120,0.001
121,0.001
122,0.001
123,0.001
124,0.001
125,0.001
126,0.001
127,0.001
128,0.001
129,0.001
130,0.001
131,0.001
132,0.001
133,0.001
134,0.001
135,0.001
136,0.001
137,0.001
138,0.001
139,0.001
140,0.001
141,0.001
142,0.001
143,0.001
144,0.001
145,0.001
146,0.001
147,0.001
148,0.001
149,0.00778877177127
150,0.001
151,0.001
152,0.001
153,0.001
154,0.001
155,0.001
156,0.001
157,0.001
158,0.001
159,0.001
160,0.001
161,0.001
162,0.001
163,0.001
164,0.001
165,0.001
166,0.001
167,0.001
168,0.001
169,0.001
170,0.001
171,0.001
172,0.001
173,0.001
174,0.001
175,0.001
176,0.001
177,0.001
178,0.001
179,0.001
180,0.001
181,0.001
182,0.001
183,0.001
184,0.001
185,0.001
186,0.001
187,0.001
188,0.001
189,0.001
190,0.001
191,0.001
192,0.001
193,0.001
194,0.001
195,0.001
196,0.001
197,0.001
198,0.001
199,0.001
200,0.001
201,0.001
202,0.001
203,0.001
204,0.001
205,0.001
206,0.001
207,0.001
208,0.001
209,0.001
210,0.001
211,0.001
212,0.001
213,0.001
214,0.001
215,0.001
216,0.001
217,0.001
218,0.001
219,0.001
220,0.001
221,0.001
222,0.001
223,0.001
224,0.001
225,0.001
226,0.001
227,0.001
228,0.001
229,0.001
230,0.001
231,0.001
232,0.001
233,0.001
234,0.001
235,0.001
236,0.001
237,0.001
238,0.001
239,0.001
240,0.001
241,0.001
242,0.001
243,0.001
244,0.00155616424239
245,0.001
246,0.001
247,0.001
248,0.001
249,0.001
250,0.00467203559025
251,0.001
252,0.001
253,0.001
254,0.001
255,0.001
256,0.001
257,0.001
258,0.001
259,0.001
260,0.001
261,0.001
262,0.001
263,0.001
264,0.001
265,0.001
266,0.001
267,0.001
268,0.001
269,0.001
270,0.001
271,0.001
272,0.001
273,0.001
274,0.001
275,0.001
276,0.001
277,0.001
278,0.001
279,0.001
280,0.001
281,0.001
282,0.0529569920791
283,0.001
284,0.001
285,0.001
286,0.001
287,0.001
288,0.001
289,0.001
290,0.0124565231355
291,0.001
292,0.001
293,0.001
294,0.001
295,0.001
296,0.001
297,0.001
298,0.001
299,0.001
300,0.001
301,0.001
302,0.001
303,0.001
304,0.0106922118387
305,0.001
306,0.001
307,0.001
308,0.001
309,0.001
310,0.001
311,0.001
312,0.001
313,0.001
314,0.001
315,0.001
316,0.001
317,0.001
318,0.001
319,0.001
320,0.001
321,0.001
322,0.001
323,0.001
324,0.001
325,0.00778466202112
326,0.001
327,0.001
328,0.001
329,0.001
330,0.001
331,0.001
332,0.001
333,0.001
334,0.001
335,0.001
336,0.001
337,0.001
338,0.001
339,0.001
340,0.001
341,0.001
342,0.001
343,0.001
344,0.001
345,0.001
346,0.001
347,0.001
348,0.001
349,0.001
350,0.001
351,0.001
352,0.001
353,0.001
354,0.001
355,0.001
356,0.0716433805898
357,0.0298544029001
358,0.001
359,0.0327052431383
360,0.0601109180122
361,0.001
362,0.001
363,0.001
364,0.001
365,0.001
366,0.001
367,0.001
368,0.001
369,0.001
370,0.001
371,0.001
372,0.001
373,0.001
374,0.001
375,0.001
376,0.001
377,0.001
378,0.001
379,0.001
380,0.001
381,0.001
382,0.001
383,0.001
384,0.001
385,0.001
386,0.001
387,0.001
388,0.001
389,0.001
390,0.001
391,0.001
392,0.001
393,0.0559084655174
394,0.001
395,0.0716394084412
396,0.0132345780927
397,0.001
398,0.001
399,0.001
400,0.001
401,0.0146018706865
402,0.001
403,0.001
404,0.001
405,0.001
406,0.001
407,0.001
408,0.001
409,0.001
410,0.001
411,0.001
412,0.001
413,0.001
414,0.001
415,0.001
416,0.001
417,0.001
418,0.001
419,0.001
420,0.001
421,0.001
422,0.001
423,0.001
424,0.001
425,0.0342641359271
426,0.0691655646968
427,0.138632632547
428,0.001
429,0.001
430,0.001
431,0.001
432,0.001
433,0.001
434,0.0540880889432
435,0.001
436,0.001
437,0.0499038198129
438,0.001
439,0.001
440,0.001
441,0.001
442,0.001
443,0.001
444,0.001
445,0.001
446,0.001
447,0.001
448,0.001
449,0.00311409116502
450,0.001
451,0.001
452,0.001
453,0.001
454,0.001
455,0.001
456,0.001
457,0.001
458,0.001
459,0.001
460,0.001
461,0.001
462,0.001
463,0.001
464,0.0358058041243
465,0.0622976490372
466,0.00882118259568
467,0.0372049979754
468,0.001
469,0.204982268847
470,0.0778765644907
471,0.001
472,0.001
473,0.001
474,0.001
475,0.121041550923
476,0.001
477,0.001
478,0.001
479,0.001
480,0.0345610278992
481,0.001
482,0.001
483,0.001
484,0.001
485,0.001
486,0.001
487,0.001
488,0.001
489,0.001
490,0.001
491,0.001
492,0.001
493,0.001
494,0.001
495,0.001
496,0.001
497,0.001
498,0.001
499,0.001
500,0.0136423339538
501,0.001
502,0.0980931846329
503,0.001
504,0.0713886507452
505,0.001
506,0.10749201472
507,0.0645385124263
508,0.0900867538942
509,0.0339604560161
510,0.0155739683817
511,0.001
512,0.001
513,0.001
514,0.001
515,0.001
516,0.001
517,0.001
518,0.0109018084915
519,0.001
520,0.001
521,0.001
522,0.001
523,0.001
524,0.001
525,0.001
526,0.001
527,0.00311469933695
528,0.001
529,0.001
530,0.001
531,0.001
532,0.001
533,0.001
534,0.001
535,0.001
536,0.001
537,0.001
538,0.0763289370576
539,0.101084322233
540,0.127691011243
541,0.137069734692
542,0.159373302562
543,0.001
544,0.001
545,0.001
546,0.00526552585233
547,0.001
548,0.0536837545332
549,0.001
550,0.001
551,0.001
552,0.001
553,0.001
554,0.001
555,0.001
556,0.0155763474437
557,0.001
558,0.001
559,0.001
560,0.001
561,0.001
562,0.001
563,0.001
564,0.001
565,0.001
566,0.001
567,0.001
568,0.001
569,0.001
570,0.001
571,0.001
572,0.001
573,0.001
574,0.001
575,0.001
576,0.188276582045
577,0.001
578,0.0491064971829
579,0.0747408188975
580,0.001
581,0.0914257142009
582,0.001
583,0.001
584,0.001
585,0.001
586,0.001
587,0.001
588,0.001
589,0.001
590,0.001
591,0.001
592,0.001
593,0.0124535070712
594,0.001
595,0.001
596,0.001
597,0.001
598,0.001
599,0.001
600,0.001
601,0.001
602,0.001
603,0.001
604,0.001
605,0.001
606,0.001
607,0.001
608,0.001
609,0.001
610,0.001
611,0.001
612,0.001
613,0.0079873120549
614,0.001
615,0.001
616,0.001
617,0.001
618,0.001
619,0.001
620,0.001
621,0.001
622,0.001
623,0.001
624,0.001
625,0.00623174111489
626,0.001
627,0.001
628,0.001
629,0.001
630,0.001
631,0.0383884352186
632,0.001
633,0.001
634,0.001
635,0.001
636,0.001
637,0.00934835001771
638,0.001
639,0.0155756949039
640,0.001
641,0.001
642,0.0414739343435
643,0.001
644,0.001
645,0.001
646,0.001
647,0.001
648,0.001
649,0.001
650,0.001
651,0.001
652,0.001
653,0.001
654,0.001
655,0.001
656,0.00621900316393
657,0.001
658,0.001
659,0.001
660,0.001
661,0.001
662,0.001
663,0.001
664,0.001
665,0.001
666,0.001
667,0.001
668,0.001
669,0.001
670,0.001
671,0.001
672,0.001
673,0.001
674,0.001
675,0.001
676,0.001
677,0.001
678,0.001
679,0.009345893015
680,0.0601879878833
681,0.0869382714563
682,0.0914422398333
683,0.001
684,0.001
685,0.001
686,0.001
687,0.001
688,0.0244418519801
689,0.001
690,0.001
691,0.001
692,0.001
693,0.0280460717115
694,0.001
695,0.001
696,0.001
697,0.001
698,0.001
699,0.001
700,0.001
701,0.001
702,0.001
703,0.001
704,0.001
705,0.001
706,0.001
707,0.001
708,0.001
709,0.001
710,0.001
711,0.001
712,0.001
713,0.001
714,0.001
715,0.001
716,0.001
717,0.001
718,0.001
719,0.001
720,0.0142757952067
721,0.001
722,0.001
723,0.001
724,0.001
725,0.001
726,0.001
727,0.001
728,0.001
729,0.001
730,0.001
731,0.001
732,0.0168275649374
733,0.0429083930923
734,0.001
735,0.0295949047367
736,0.0843130861743
737,0.001
738,0.0398677317727
739,0.119941077169
740,0.119533762994
741,0.0039021426585
742,0.001
743,0.001
744,0.087235846002
745,0.125780526301
746,0.0767972864233
747,0.001
748,0.0286409164788
749,0.001
750,0.001
751,0.00467406990151
752,0.001
753,0.0283413672246
754,0.001
755,0.001
756,0.001
757,0.001
758,0.00778960856009
759,0.001
760,0.001
761,0.001
762,0.001
763,0.001
764,0.001
765,0.001
766,0.001
767,0.001
768,0.001
769,0.001
770,0.001
771,0.001
772,0.001
773,0.001
774,0.001
775,0.0100876245283
776,0.001
777,0.001
778,0.001
779,0.001
780,0.001
781,0.001
782,0.001
783,0.001
784,0.001
785,0.001
786,0.001
787,0.001
788,0.0412357362641
789,0.001
790,0.0340307720309
791,0.0675654624357
792,0.001
793,0.03738059756
794,0.0545113155433
795,0.135510862995
796,0.121576764345
797,0.001
798,0.001
799,0.001
800,0.0548407140624
801,0.105933653551
802,0.118875859454
803,0.001
804,0.001
805,0.001
806,0.001
807,0.001
808,0.001
809,0.001
810,0.001
811,0.001
812,0.012454178843
813,0.001
814,0.001
815,0.001
816,0.001
817,0.001
818,0.001
819,0.001
820,0.001
821,0.001
822,0.001
823,0.001
824,0.001
825,0.001
826,0.001
827,0.001
828,0.001
829,0.001
830,0.001
831,0.001
832,0.001
833,0.001
834,0.001
835,0.001
836,0.001
837,0.001
838,0.001
839,0.0700887688391
840,0.001
841,0.001
842,0.001
843,0.001
844,0.001
845,0.001
846,0.001
847,0.033959730815
848,0.001
849,0.001
850,0.001
851,0.001
852,0.001
853,0.001
854,0.154190199256
855,0.155753319693
856,0.0159385164437
857,0.001
858,0.0903483269209
859,0.001
860,0.104367648459
861,0.132905608258
862,0.001
863,0.001
864,0.0210429801451
865,0.001
866,0.001
867,0.001
868,0.0513947092781
869,0.001
870,0.001
871,0.001
872,0.001
873,0.001
874,0.001
875,0.0358270620887
876,0.0202441058038
877,0.001
878,0.001
879,0.001
880,0.001
881,0.001
882,0.001
883,0.001
884,0.001
885,0.001
886,0.001
887,0.001
888,0.001
889,0.001
890,0.001
891,0.0124616423948
892,0.001
893,0.0126628139626
894,0.001
895,0.0326200879856
896,0.001
897,0.001
898,0.001
899,0.001
900,0.001
901,0.001
902,0.001
903,0.001
904,0.001
905,0.001
906,0.001
907,0.001
908,0.001
909,0.001
910,0.001
911,0.0404825942226
912,0.0342640748514
913,0.0436209220705
914,0.10124915697
915,0.166206664792
916,0.115283242455
917,0.0464304289647
918,0.001
919,0.001
920,0.001
921,0.0640912113913
922,0.0220115655436
923,0.211391567044
924,0.117429058247
925,0.001
926,0.001
927,0.032851006762
928,0.0254173705585
929,0.001
930,0.001
931,0.0232857706801
932,0.0286434927565
933,0.001
934,0.001
935,0.001
936,0.001
937,0.001
938,0.001
939,0.001
940,0.001
941,0.001
942,0.001
943,0.001
944,0.001
945,0.001
946,0.001
947,0.001
948,0.001
949,0.001
950,0.001
951,0.001
952,0.001
953,0.001
954,0.016397507428
955,0.001
956,0.001
957,0.001
958,0.001
959,0.001
960,0.001
961,0.001
962,0.001
963,0.001
964,0.0108996836803
965,0.001
966,0.001
967,0.001
968,0.001
969,0.001
970,0.001
971,0.001
972,0.001
973,0.001
974,0.0625396252265
975,0.0482901590602
976,0.188276582045
977,0.139814006364
978,0.001
979,0.0950285288312
980,0.0895720959875
981,0.001
982,0.0548202234525
983,0.0670631019461
984,0.110182211727
985,0.113912841966
986,0.001
987,0.104999917169
988,0.001
989,0.0751724203806
990,0.001
991,0.001
992,0.001
993,0.001
994,0.001
995,0.001
996,0.001
997,0.001
998,0.001
999,0.001
1000,0.001
1001,0.001
1002,0.035817296813
1003,0.001
1004,0.00251773604567
1005,0.001
1006,0.001
1007,0.001
1008,0.001
1009,0.001
1010,0.001
1011,0.001
1012,0.001
1013,0.001
1014,0.001
1015,0.001
1016,0.001
1017,0.001
1018,0.001
1019,0.001
1020,0.001
1021,0.001
1022,0.00279851403808
1023,0.001
1024,0.0389339011043
1025,0.001
1026,0.001
1027,0.0218049328403
1028,0.123269980222
1029,0.001
1030,0.001
1031,0.001
1032,0.00934399172879
1033,0.001
1034,0.001
1035,0.001
1036,0.001
1037,0.001
1038,0.001
1039,0.001
1040,0.001
1041,0.208921781675
1042,0.001
1043,0.001
1044,0.0524004714298
1045,0.0623049402967
1046,0.208921781675
1047,0.0153056654525
1048,0.140177540709
1049,0.001
1050,0.001
1051,0.001
1052,0.001
1053,0.001
1054,0.001
1055,0.001
1056,0.0311375056551
1057,0.001
1058,0.001
1059,0.001
1060,0.001
1061,0.00934374120744
1062,0.0155759829196
1063,0.001
1064,0.001
1065,0.001
1066,0.001
1067,0.001
1068,0.001
1069,0.001
1070,0.001
1071,0.001
1072,0.001
1073,0.001
1074,0.001
1075,0.001
1076,0.001
1077,0.001
1078,0.001
1079,0.001
1080,0.001
1081,0.001
1082,0.001
1083,0.001
1084,0.001
1085,0.001
1086,0.0413096749641
1087,0.001
1088,0.001
1089,0.001
1090,0.001
1091,0.0449369516473
1092,0.001
1093,0.001
1094,0.001
1095,0.001
1096,0.001
1097,0.001
1098,0.001
1099,0.001
1100,0.001
1101,0.0311465383352
1102,0.001
1103,0.001
1104,0.001
1105,0.001
1106,0.0234405710403
1107,0.0342718902504
1108,0.001
1109,0.001
1110,0.0565961136296
1111,0.001
1112,0.0521032170048
1113,0.001
1114,0.001
1115,0.001
1116,0.0489584284408
1117,0.001
1118,0.001
1119,0.001
1120,0.001
1121,0.001
1122,0.001
1123,0.0249166404279
1124,0.001
1125,0.001
1126,0.001
1127,0.001
1128,0.001
1129,0.001
1130,0.001
1131,0.001
1132,0.001
1133,0.038425660171
1134,0.001
1135,0.001
1136,0.001
1137,0.001
1138,0.001
1139,0.001
1140,0.001
1141,0.001
1142,0.001
1143,0.001
1144,0.001
1145,0.001
1146,0.001
1147,0.001
1148,0.001
1149,0.001
1150,0.001
1151,0.001
1152,0.001
1153,0.001
1154,0.001
1155,0.001
1156,0.001
1157,0.001
1158,0.001
1159,0.001
1160,0.0965865811891
1161,0.074602727604
1162,0.001
1163,0.001
1164,0.0770511139744
1165,0.111733982831
1166,0.001
1167,0.001
1168,0.0545008432199
1169,0.001
1170,0.0400842170607
1171,0.00467207410647
1172,0.001
1173,0.001
1174,0.001
1175,0.001
1176,0.0482877891513
1177,0.001
1178,0.001
1179,0.001
1180,0.001
1181,0.0732124678088
1182,0.001
1183,0.001
1184,0.001
1185,0.001
1186,0.001
1187,0.001
1188,0.001
1189,0.0405035363541
1190,0.001
1191,0.001
1192,0.001
1193,0.001
1194,0.001
1195,0.001
1196,0.001
1197,0.00537478054622
1198,0.001
1199,0.001
1200,0.001
1201,0.0128392975858
1202,0.001
1203,0.001
1204,0.001
1205,0.001
1206,0.0161855949863
1207,0.001
1208,0.001
1209,0.001
1210,0.001
1211,0.001
1212,0.001
1213,0.001
1214,0.001
1215,0.001
1216,0.001
1217,0.001
1218,0.001
1219,0.001
1220,0.0117005287075
1221,0.001
1222,0.001
1223,0.001
1224,0.001
1225,0.001
1226,0.001
1227,0.0544288250887
1228,0.001
1229,0.0555469148293
1230,0.0158002604299
1231,0.001
1232,0.001
1233,0.001
1234,0.001
1235,0.001
1236,0.0355813937591
1237,0.001
1238,0.001
1239,0.001
1240,0.001
1241,0.001
1242,0.001
1243,0.0545174491591
1244,0.001
1245,0.001
1246,0.001
1247,0.001
1248,0.0495700235071
1249,0.0654089456804
1250,0.001
1251,0.110582985037
1252,0.001
1253,0.001
1254,0.001
1255,0.001
1256,0.001
1257,0.038518353113
1258,0.0436404571521
1259,0.0474178963019
1260,0.001
1261,0.001
1262,0.001
1263,0.001
1264,0.001
1265,0.001
1266,0.00622820549217
1267,0.001
1268,0.00410777072767
1269,0.001
1270,0.001
1271,0.001
1272,0.001
1273,0.001
1274,0.001
1275,0.001
1276,0.001
1277,0.001
1278,0.001
1279,0.001
1280,0.001
1281,0.001
1282,0.001
1283,0.001
1284,0.001
1285,0.001
1286,0.001
1287,0.001
1288,0.001
1289,0.001
1290,0.001
1291,0.001
1292,0.001
1293,0.001
1294,0.0477674463794
1295,0.0462755493249
1296,0.001
1297,0.110610045448
1298,0.112690696013
1299,0.0731054834991
1300,0.001
1301,0.0420533409229
1302,0.001
1303,0.001
1304,0.001
1305,0.001
1306,0.0408900171115
1307,0.0224727288698
1308,0.001
1309,0.001
1310,0.001
1311,0.001
1312,0.001
1313,0.080481171902
1314,0.001
1315,0.001
1316,0.001
1317,0.001
1318,0.001
1319,0.001
1320,0.001
1321,0.001
1322,0.0155749312784
1323,0.0361795801449
1324,0.0553843125043
1325,0.0861122202969
1326,0.001
1327,0.001
1328,0.001
1329,0.001
1330,0.001
1331,0.001
1332,0.001
1333,0.001
1334,0.001
1335,0.001
1336,0.001
1337,0.001
1338,0.001
1339,0.001
1340,0.014020608085
1341,0.001
1342,0.001
1343,0.001
1344,0.001
1345,0.001
1346,0.001
1347,0.00183308384269
1348,0.001
1349,0.001
1350,0.001
1351,0.001
1352,0.001
1353,0.001
1354,0.001
1355,0.001
1356,0.001
1357,0.001
1358,0.001
1359,0.001
1360,0.001
1361,0.0222055144241
1362,0.001
1363,0.001
1364,0.001
1365,0.001
1366,0.087221313775
1367,0.075681435075
1368,0.224073336644
1369,0.0220115655436
1370,0.0991812610403
1371,0.001
1372,0.001
1373,0.0738732064021
1374,0.00248049651545
1375,0.001
1376,0.0451643332356
1377,0.001
1378,0.0311475231203
1379,0.001
1380,0.001
1381,0.001
1382,0.001
1383,0.001
1384,0.001
1385,0.001
1386,0.001
1387,0.001
1388,0.001
1389,0.001
1390,0.0889045974024
1391,0.001
1392,0.001
1393,0.001
1394,0.001
1395,0.001
1396,0.0156386800814
1397,0.0305520891989
1398,0.0295909786154
1399,0.0306784329863
1400,0.001
1401,0.001
1402,0.001
1403,0.001
1404,0.012462191133
1405,0.001
1406,0.001
1407,0.001
1408,0.001
1409,0.001
1410,0.001
1411,0.001
1412,0.001
1413,0.001
1414,0.001
1415,0.001
1416,0.0402068582469
1417,0.001
1418,0.001
1419,0.001
1420,0.001
1421,0.001
1422,0.001
1423,0.001
1424,0.001
1425,0.001
1426,0.001
1427,0.001
1428,0.001
1429,0.001
1430,0.001
1431,0.001
1432,0.001
1433,0.001
1434,0.001
1435,0.001
1436,0.001
1437,0.001
1438,0.0249813578778
1439,0.001
1440,0.001
1441,0.170419335307
1442,0.0741979447741
1443,0.134783249662
1444,0.13705824803
1445,0.001
1446,0.001
1447,0.001
1448,0.001
1449,0.0516683297663
1450,0.001
1451,0.001
1452,0.001
1453,0.001
1454,0.001
1455,0.001
1456,0.001
1457,0.001
1458,0.001
1459,0.001
1460,0.001
1461,0.0517048966852
1462,0.001
1463,0.001
1464,0.001
1465,0.001
1466,0.0934339452307
1467,0.001
1468,0.001
1469,0.001
1470,0.001
1471,0.001
1472,0.0411150053399
1473,0.001
1474,0.0142712349844
1475,0.001
1476,0.001
1477,0.001
1478,0.001
1479,0.001
1480,0.001
1481,0.001
1482,0.001
1483,0.001
1484,0.001
1485,0.001
1486,0.001
1487,0.001
1488,0.0109032459412
1489,0.001
1490,0.001
1491,0.0155732720505
1492,0.00258798772563
1493,0.001
1494,0.001
1495,0.0186952217289
1496,0.001
1497,0.0583676762808
1498,0.001
1499,0.001
1500,0.001
1501,0.001
1502,0.001
1503,0.001
1504,0.001
1505,0.001
1506,0.001
1507,0.001
1508,0.001
1509,0.001
1510,0.001
1511,0.001
1512,0.001
1513,0.001
1514,0.001
1515,0.001
1516,0.001
1517,0.0746386389923
1518,0.0196410033136
1519,0.0642934241322
1520,0.001
1521,0.001
1522,0.001
1523,0.001
1524,0.001
1525,0.037375503559
1526,0.123269980222
1527,0.001
1528,0.001
1529,0.001
1530,0.001
1531,0.001
1532,0.001
1533,0.001
1534,0.00467006622379
1535,0.0879017320549
1536,0.001
1537,0.001
1538,0.001
1539,0.001
1540,0.001
1541,0.001
1542,0.001
1543,0.001
1544,0.001
1545,0.001
1546,0.001
1547,0.001
1548,0.0167956720933
1549,0.0252630604414
1550,0.001
1551,0.001
1552,0.001
1553,0.001
1554,0.001
1555,0.001
1556,0.001
1557,0.001
1558,0.001
1559,0.001
1560,0.001
1561,0.001
1562,0.001
1563,0.001
1564,0.001
1565,0.001
1566,0.001
1567,0.001
1568,0.001
1569,0.001
1570,0.001
1571,0.001
1572,0.001
1573,0.001
1574,0.001
1575,0.001
1576,0.001
1577,0.001
1578,0.001
1579,0.001
1580,0.001
1581,0.001
1582,0.001
1583,0.001
1584,0.001
1585,0.001
1586,0.001
1587,0.0120083668097
1588,0.001
1589,0.001
1590,0.001
1591,0.0465034334578
1592,0.136351695454
1593,0.130781595548
1594,0.172879747552
1595,0.151317257826
1596,0.0518400053416
1597,0.001
1598,0.120097302218
1599,0.001
1600,0.0748514737544
1601,0.115251130857
1602,0.0747564858619
1603,0.001
1604,0.001
1605,0.001
1606,0.001
1607,0.001
1608,0.001
1609,0.001
1610,0.001
1611,0.001
1612,0.128854056141
1613,0.001
1614,0.001
1615,0.001
1616,0.001
1617,0.001
1618,0.001
1619,0.0186811027267
1620,0.001
1621,0.001
1622,0.001
1623,0.001
1624,0.0140170347845
1625,0.001
1626,0.001
1627,0.001
1628,0.001
1629,0.001
1630,0.001
1631,0.001
1632,0.001
1633,0.001
1634,0.001
1635,0.001
1636,0.001
1637,0.001
1638,0.001
1639,0.001
1640,0.001
1641,0.001
1642,0.001
1643,0.001
1644,0.001
1645,0.001
1646,0.0439894718258
1647,0.0598335034195
1648,0.001
1649,0.001
1650,0.00450855937258
1651,0.0273907868854
1652,0.001
1653,0.001
1654,0.001
1655,0.001
1656,0.001
1657,0.001
1658,0.001
1659,0.001
1660,0.001
1661,0.001
1662,0.001
1663,0.001
1664,0.001
1665,0.001
1666,0.100867700497
1667,0.0745259477195
1668,0.001
1669,0.0699467107048
1670,0.0708036792906
1671,0.128196768442
1672,0.001
1673,0.0382825555532
1674,0.065421851958
1675,0.0981305394417
1676,0.121229266629
1677,0.224814057493
1678,0.001
1679,0.001
1680,0.001
1681,0.001
1682,0.001
1683,0.0567062212015
1684,0.001
1685,0.001
1686,0.001
1687,0.001
1688,0.001
1689,0.001
1690,0.001
1691,0.001
1692,0.001
1693,0.001
1694,0.001
1695,0.001
1696,0.001
1697,0.001
1698,0.001
1699,0.001
1700,0.001
1701,0.001
1702,0.001
1703,0.001
1704,0.001
1705,0.001
1706,0.001
1707,0.001
1708,0.001
1709,0.001
1710,0.001
1711,0.015568784658
1712,0.001
1713,0.001
1714,0.001
1715,0.001
1716,0.001
1717,0.001
1718,0.001
1719,0.001
1720,0.0264765380795
1721,0.001
1722,0.001
1723,0.001
1724,0.001
1725,0.155162652534
1726,0.001
1727,0.001
1728,0.001
1729,0.0436448763664
1730,0.00393567805228
1731,0.001
1732,0.001
1733,0.001
1734,0.001
1735,0.001
1736,0.001
1737,0.0132136329695
1738,0.0409082402576
1739,0.001
1740,0.0633991107371
1741,0.111587672107
1742,0.125816240845
1743,0.001
1744,0.048294994793
1745,0.110644168729
1746,0.117605422716
1747,0.001
1748,0.275199876819
1749,0.115267875987
1750,0.0787068878622
1751,0.0349894161578
1752,0.113890372238
1753,0.34352084468
1754,0.001
1755,0.0677209314911
1756,0.0545182854588
1757,0.001
1758,0.001
1759,0.001
1760,0.001
1761,0.001
1762,0.001
1763,0.001
1764,0.001
1765,0.0362350235683
1766,0.0388406661503
1767,0.00595910724702
1768,0.001
1769,0.001
1770,0.001
1771,0.001
1772,0.001
1773,0.001
1774,0.001
1775,0.0579816290955
1776,0.0380658150769
1777,0.0389230439594
1778,0.001
1779,0.001
1780,0.001
1781,0.001
1782,0.001
1783,0.001
1784,0.001
1785,0.001
1786,0.001
1787,0.001
1788,0.001
1789,0.001
1790,0.001
1791,0.001
1792,0.001
1793,0.001
1794,0.001
1795,0.0467192147133
1796,0.001
1797,0.001
1798,0.001
1799,0.208921781675
1800,0.0603665554497
1801,0.001
1802,0.0731866130623
1803,0.001
1804,0.001
1805,0.001
1806,0.001
1807,0.001
1808,0.001
1809,0.001
1810,0.001
1811,0.001
1812,0.001
1813,0.001
1814,0.001
1815,0.0234424668149
1816,0.0318204459217
1817,0.001
1818,0.0275186688218
1819,0.001
1820,0.0471312876737
1821,0.346596155817
1822,0.001
1823,0.001
1824,0.0181009396208
1825,0.141765658345
1826,0.00306988517058
1827,0.0996202554254
1828,0.0930837421573
1829,0.0732084881491
1830,0.001
1831,0.001
1832,0.222054024224
1833,0.111223347338
1834,0.0399010803508
1835,0.001
1836,0.001
1837,0.001
1838,0.001
1839,0.001
1840,0.001
1841,0.001
1842,0.001
1843,0.001
1844,0.001
1845,0.001
1846,0.0408257158748
1847,0.0259040369077
1848,0.001
1849,0.001
1850,0.001
1851,0.001
1852,0.001
1853,0.001
1854,0.001
1855,0.001
1856,0.001
1857,0.001
1858,0.001
1859,0.001
1860,0.001
1861,0.001
1862,0.001
1863,0.001
1864,0.001
1865,0.001
1866,0.001
1867,0.001
1868,0.0295960088158
1869,0.001
1870,0.001
1871,0.001
1872,0.001
1873,0.001
1874,0.0317663446029
1875,0.0124630137293
1876,0.001
1877,0.001
1878,0.0358235036532
1879,0.015595625183
1880,0.00311537482928
1881,0.001
1882,0.0448987360734
1883,0.001
1884,0.0342685501126
1885,0.001
1886,0.001
1887,0.001
1888,0.001
1889,0.001
1890,0.001
1891,0.001
1892,0.001
1893,0.001
1894,0.001
1895,0.001
1896,0.0746386389923
1897,0.001
1898,0.001
1899,0.0770390100805
1900,0.001
1901,0.114789163852
1902,0.001
1903,0.0239913650059
1904,0.001
1905,0.0356059283056
1906,0.0360483215631
1907,0.0825580075052
1908,0.001
1909,0.001
1910,0.0778891721933
1911,0.0612271566807
1912,0.001
1913,0.001
1914,0.001
1915,0.001
1916,0.001
1917,0.001
1918,0.0140168054951
1919,0.001
1920,0.001
1921,0.001
1922,0.001
1923,0.001
1924,0.001
1925,0.001
1926,0.001
1927,0.001
1928,0.001
1929,0.001
1930,0.001
1931,0.001
1932,0.001
1933,0.001
1934,0.001
1935,0.001
1936,0.001
1937,0.001
1938,0.001
1939,0.001
1940,0.001
1941,0.001
1942,0.001
1943,0.001
1944,0.001
1945,0.00934252824358
1946,0.001
1947,0.0878843217526
1948,0.001
1949,0.001
1950,0.001
1951,0.001
1952,0.0806162099657
1953,0.319524248774
1954,0.001
1955,0.001
1956,0.001
1957,0.001
1958,0.001
1959,0.001
1960,0.0572118360626
1961,0.001
1962,0.001
1963,0.0421233141965
1964,0.001
1965,0.113083034434
1966,0.001
1967,0.0264814803302
1968,0.001
1969,0.043702268835
1970,0.0523587502641
1971,0.0617124453271
1972,0.001
1973,0.001
1974,0.117501618195
1975,0.001
1976,0.0652926497545
1977,0.127691011243
1978,0.0924602145383
1979,0.001
1980,0.001
1981,0.0326558162508
1982,0.0763273508533
1983,0.110577863123
1984,0.0965734397269
1985,0.001
1986,0.0783149134717
1987,0.001
1988,0.001
1989,0.001
1990,0.001
1991,0.001
1992,0.001
1993,0.001
1994,0.001
1995,0.001
1996,0.001
1997,0.001
1998,0.001
1999,0.0685240643987
2000,0.001
2001,0.001
2002,0.001
2003,0.001
2004,0.001
2005,0.001
2006,0.001
2007,0.001
2008,0.001
2009,0.001
2010,0.00146633247615
2011,0.001
2012,0.001
2013,0.001
2014,0.001
2015,0.001
2016,0.001
2017,0.001
2018,0.001
2019,0.001
2020,0.001
2021,1.0
2022,0.001
2023,0.0508176986539
2024,0.001
2025,0.001
2026,0.001
2027,0.001
2028,0.001
2029,0.001
2030,0.001
2031,0.00311393873338
2032,0.0342774676735
2033,0.0366919848572
2034,0.0202767110387
2035,0.001
2036,0.001
2037,0.001
2038,0.001
2039,0.0267594833562
2040,0.001
2041,0.001
2042,0.001
2043,0.001
2044,0.001
2045,0.111773853019
2046,0.0623658996006
2047,0.0758724703394
2048,0.0879017320549
2049,0.115269910054
2050,0.0405606443503
2051,0.197173083104
2052,0.141356766096
2053,0.001
2054,0.0706787402341
2055,0.0484453067679
2056,0.001
2057,0.001
2058,0.001
2059,0.001
2060,0.179054357441
2061,0.001
2062,0.001
2063,0.001
2064,0.001
2065,0.001
2066,0.001
2067,0.001
2068,0.001
2069,0.001
2070,0.001
2071,0.001
2072,0.001
2073,0.001
2074,0.001
2075,0.001
2076,0.001
2077,0.001
2078,0.001
2079,0.001
2080,0.001
2081,0.001
2082,0.001
2083,0.001
2084,0.001
2085,0.001
2086,0.001
2087,0.001
2088,0.001
2089,0.001
2090,0.001
2091,0.001
2092,0.0140137883041
2093,0.001
2094,0.001
2095,0.001
2096,0.001
2097,0.001
2098,0.001
2099,0.0202514478418
2100,0.001
2101,0.001
2102,0.001
2103,0.0482309595722
2104,0.001
2105,0.001
2106,0.001
2107,0.0247541641742
2108,0.0218078160454
2109,0.001
2110,0.001
2111,0.0802595243979
2112,0.001
2113,0.001
2114,0.001
2115,0.11645646231
2116,0.001
2117,0.001
2118,0.001
2119,0.134231277605
2120,0.118487534678
2121,0.058322301105
2122,0.112144492658
2123,0.0738662726461
2124,0.0986181301464
2125,0.001
2126,0.001
2127,0.0638683784881
2128,0.103931869954
2129,0.001
2130,0.073191115877
2131,0.0232903063521
2132,0.109017354636
2133,0.0412861715133
2134,0.0256982830237
2135,0.001
2136,0.0130379792206
2137,0.001
2138,0.001
2139,0.001
2140,0.001
2141,0.001
2142,0.001
2143,0.001
2144,0.001
2145,0.001
2146,0.001
2147,0.0885258576593
2148,0.001
2149,0.001
2150,0.001
2151,0.001
2152,0.0343226294969
2153,0.001
2154,0.001
2155,0.001
2156,0.001
2157,0.001
2158,0.001
2159,0.001
2160,0.001
2161,0.001
2162,0.001
2163,0.001
2164,0.007784890507
2165,0.001
2166,0.001
2167,0.001
2168,0.001
2169,0.001
2170,0.0993964127091
2171,0.001
2172,0.001
2173,0.15930839682
2174,0.0340088983561
2175,0.001
2176,0.161987208266
2177,0.001
2178,0.001
2179,0.001
2180,0.001
2181,0.001
2182,0.001
2183,0.001
2184,0.001
2185,0.001
2186,0.0249204387382
2187,0.0220048810619
2188,0.001
2189,0.0129041316275
2190,0.0358247625396
2191,0.001
2192,0.001
2193,0.113693457084
2194,0.0945439338704
2195,0.001
2196,0.001
2197,0.0425503972515
2198,0.0537734407875
2199,0.001
2200,0.001
2201,0.001
2202,0.001
2203,0.001
2204,0.001
2205,0.001
2206,0.001
2207,0.00311547050846
2208,0.001
2209,0.001
2210,0.001
2211,0.001
2212,0.001
2213,0.00311488875638
2214,0.001
2215,0.00779125088806
2216,0.001
2217,0.001
2218,0.001
2219,0.001
2220,0.001
2221,0.001
2222,0.001
2223,0.054965757042
2224,0.0407920106929
2225,0.001
2226,0.0046719739119
2227,0.001
2228,0.001
2229,0.001
2230,0.001
2231,0.001
2232,0.001
2233,0.001
2234,0.001
2235,0.001
2236,0.001
2237,0.001
2238,0.001
2239,0.0385344599677
2240,0.001
2241,0.164715933845
2242,0.001
2243,0.001
2244,0.0758368966162
2245,0.001
2246,0.001
2247,0.001
2248,0.001
2249,0.001
2250,0.001
2251,0.0202472091889
2252,0.001
2253,0.001
2254,0.001
2255,0.001
2256,0.0259573800038
2257,0.258034641098
2258,0.001
2259,0.001
2260,0.001
2261,0.001
2262,0.001
2263,0.001
2264,0.001
2265,0.001
2266,0.111745303355
2267,0.001
2268,0.001
2269,0.0436131062656
2270,0.001
2271,0.001
2272,0.0701033459344
2273,0.001
2274,0.001
2275,0.001
2276,0.001
2277,0.001
2278,0.001
2279,0.001
2280,0.001
2281,0.001
2282,0.001
2283,0.001
2284,0.001
2285,0.001
2286,0.001
2287,0.001
2288,0.001
2289,0.0428072156421
2290,0.001
2291,0.001
2292,0.001
2293,0.001
2294,0.001
2295,0.001
2296,0.001
2297,0.001
2298,0.001
2299,0.001
2300,0.001
2301,0.021803569768
2302,0.0436147723408
2303,0.127761413809
2304,0.12306006764
2305,0.0888086060635
2306,0.109122680955
2307,0.101164130771
2308,0.001
2309,0.001
2310,0.001
2311,0.001
2312,0.001
2313,0.0685265576556
2314,0.001
2315,0.001
2316,0.001
2317,0.001
2318,0.001
2319,0.001
2320,0.001
2321,0.0821588626254
2322,0.131677203416
2323,0.001
2324,0.0175695482588
2325,0.00778529192283
2326,0.001
2327,0.001
2328,0.0218029076471
2329,0.001
2330,0.001
2331,0.001
2332,0.001
2333,0.001
2334,0.001
2335,0.001
2336,0.001
2337,0.0295667433737
2338,0.001
2339,0.001
2340,0.0155777067632
2341,0.001
2342,0.001
2343,0.001
2344,0.001
2345,0.001
2346,0.001
2347,0.0121472406347
2348,0.001
2349,0.001
2350,0.001
2351,0.001
2352,0.0249845415378
2353,0.0273475823209
2354,0.001
2355,0.001
2356,0.001
2357,0.001
2358,0.001
2359,0.001
2360,0.0342669746684
2361,0.001
2362,0.124241214419
2363,0.188276582045
2364,0.001
2365,0.0368401122179
2366,0.131747787377
2367,0.001
2368,0.001
2369,0.0654325381031
2370,0.001
2371,0.001
2372,0.001
2373,0.001
2374,0.001
2375,0.0699131235856
2376,0.001
2377,0.001
2378,0.116012996342
2379,0.001
2380,0.001
2381,0.00831082153337
2382,0.058065438409
2383,0.001
2384,0.001
2385,0.001
2386,0.0734542683506
2387,0.001
2388,0.0619935942723
2389,0.001
2390,0.0461167541378
2391,0.001
2392,0.001
2393,0.0498356078467
2394,0.001
2395,0.0498250598184
2396,0.001
2397,0.001
2398,0.001
2399,0.001
2400,0.001
2401,0.001
2402,0.001
2403,0.001
2404,0.001
2405,0.001
2406,0.0112842844603
2407,0.0202400199494
2408,0.00735078591056
2409,0.00467024970422
2410,0.001
2411,0.001
2412,0.001
2413,0.001
2414,0.001
2415,0.001
2416,0.001
2417,0.001
2418,0.073255221661
2419,0.0467220799792
2420,0.001
2421,0.188568255041
2422,0.0421233141965
2423,0.111983304786
2424,0.133597362896
2425,0.108058917628
2426,0.001
2427,0.127691011243
2428,0.001
2429,0.001
2430,0.001
2431,0.001
2432,0.0221762627721
2433,0.001
2434,0.001
2435,0.001
2436,0.001
2437,0.0171884238132
2438,0.001
2439,0.001
2440,0.001
2441,0.001
2442,0.125782986502
2443,0.166077195864
2444,0.0242388853545
2445,0.0891211715802
2446,0.0533456207432
2447,0.0560561431968
2448,0.001
2449,0.001
2450,0.001
2451,0.0809921759742
2452,0.001
2453,0.001
2454,0.001
2455,0.001
2456,0.001
2457,0.001
2458,0.001
2459,0.001
2460,0.001
2461,0.001
2462,0.001
2463,0.001
2464,0.001
2465,0.001
2466,0.001
2467,0.001
2468,0.001
2469,0.001
2470,0.001
2471,0.001
2472,0.0263208655417
2473,0.001
2474,0.001
2475,0.001
2476,0.001
2477,0.001
2478,0.0402845509871
2479,0.001
2480,0.0171290723627
2481,0.001
2482,0.001
2483,0.001
2484,0.00517006124827
2485,0.001
2486,0.0157518829361
2487,0.0499038198129
2488,0.0157448089338
2489,0.001
2490,0.0123524117464
2491,0.001
2492,0.0218004408189
2493,0.0461808133161
2494,0.0114164756089
2495,0.0392097209029
2496,0.103579304186
2497,0.0711814473621
2498,0.001
2499,0.129001666817
2500,0.161866807639
2501,0.001
2502,0.0669717705295
2503,0.001
2504,0.0937906512527
2505,0.001
2506,0.001
2507,0.0193532485756
2508,0.0352117336141
2509,0.001
2510,0.001
2511,0.001
2512,0.001
2513,0.001
2514,0.001
2515,0.001
2516,0.001
2517,0.001
2518,0.001
2519,0.001
2520,0.001
2521,0.001
2522,0.00935054376515
2523,0.001
2524,0.001
2525,0.001
2526,0.001
2527,0.001
2528,0.001
2529,0.001
2530,0.001
2531,0.0241014488318
2532,0.076792504039
2533,0.001
2534,0.001
2535,0.001
2536,0.00934412613379
2537,0.001
2538,0.001
2539,0.0148402769764
2540,0.001
2541,0.001
2542,0.001
2543,0.001
2544,0.001
2545,0.0879017320549
2546,0.001
2547,0.460271857844
2548,0.001
2549,0.0723544855602
2550,0.158917362783
2551,0.124623191239
2552,0.001
2553,0.001
2554,0.001
2555,0.001
2556,0.0421233141965
2557,0.0264758574604
2558,0.0327075909943
2559,0.001
2560,0.0341951606014
2561,0.001
2562,0.001
2563,0.001
2564,0.001
2565,0.001
2566,0.001
2567,0.001
2568,0.001
2569,0.001
2570,0.001
2571,0.001
2572,0.001
2573,0.001
2574,0.142485247408
2575,0.001
2576,0.001
2577,0.001
2578,0.001
2579,0.001
2580,0.001
2581,0.0448943417965
2582,0.001
2583,0.001
2584,0.0529578040638
2585,0.001
2586,0.001
2587,0.0386899788213
2588,0.119063531285
2589,0.202675882069
2590,0.001
2591,0.132108485265
2592,0.017648167377
2593,0.001
2594,0.001
2595,0.053877462572
2596,0.165548438347
2597,0.001
2598,0.001
2599,0.001
2600,0.001
2601,0.0591972611996
2602,0.001
2603,0.0607489247129
2604,0.001
2605,0.188276582045
2606,0.001
2607,0.001
2608,0.001
2609,0.001
2610,0.001
2611,0.001
2612,0.001
2613,0.001
2614,0.001
2615,0.001
2616,0.001
2617,0.001
2618,0.001
2619,0.001
2620,0.001
2621,0.001
2622,0.001
2623,0.001
2624,0.001
2625,0.001
2626,0.001
2627,0.001
2628,0.0529495257499
2629,0.001
2630,0.0924311914176
2631,0.001
2632,0.223695293233
2633,0.110195099836
2634,0.119913007013
2635,0.0636436363674
2636,0.001
2637,0.001
2638,0.16009515218
2639,0.0739378008651
2640,0.001
2641,0.001
2642,0.001
2643,0.001
2644,0.001
2645,0.0623011195055
2646,0.0538988637976
2647,0.001
2648,0.001
2649,0.001
2650,0.001
2651,0.0140182847187
2652,0.0677728786896
2653,0.001
2654,0.001
2655,0.001
2656,0.001
2657,0.001
2658,0.001
2659,0.001
2660,0.001
2661,0.0192164247849
2662,0.001
2663,0.001
2664,0.001
2665,0.001
2666,0.0555296997025
2667,0.001
2668,0.001
2669,0.001
2670,0.06230765569
2671,0.001
2672,0.001
2673,0.001
2674,0.0149375703216
2675,0.001
2676,0.001
2677,0.001
2678,0.001
2679,0.001
2680,0.001
2681,0.017132168394
2682,0.0152618531946
2683,0.001
2684,0.001
2685,0.001
2686,0.001
2687,0.001
2688,0.001
2689,0.001
2690,0.001
2691,0.0089111668913
2692,0.0124201837475
2693,0.001
2694,0.001
2695,0.001
2696,0.0124597832494
2697,0.001
2698,0.0525153056636
2699,0.0607497994503
2700,0.0171319565286
2701,0.209150815088
2702,0.001
2703,0.0451691372907
2704,0.001
2705,0.001
2706,0.0436221085097
2707,0.001
2708,0.001
2709,0.001
2710,0.001
2711,0.001
2712,0.00657017913013
2713,0.001
2714,0.001
2715,0.001
2716,0.001
2717,0.001
2718,0.001
2719,0.001
2720,0.001
2721,0.001
2722,0.001
2723,0.001
2724,0.001
2725,0.0327081121423
2726,0.0916575990298
2727,0.001
2728,0.101241717532
2729,0.001
2730,0.001
2731,0.001
2732,0.001
2733,0.001
2734,0.001
2735,0.001
2736,0.001
2737,0.001
2738,0.001
2739,0.001
2740,0.001
2741,0.001
2742,0.001
2743,0.001
2744,0.001
2745,0.0140183298988
2746,0.001
2747,0.001
2748,0.001
2749,0.001
2750,0.001
2751,0.001
2752,0.001
2753,0.001
2754,0.109886460828
2755,0.001
2756,0.0933872574581
2757,0.001
2758,0.001
2759,0.001
2760,0.001
2761,0.001
2762,0.001
2763,0.001
2764,0.001
2765,0.001
2766,0.001
2767,0.001
2768,0.0124915448737
2769,0.001
2770,0.001
2771,0.001
2772,0.0342539228327
2773,0.001
2774,0.0669760271915
2775,0.001
2776,0.115238946955
2777,0.188276582045
2778,0.001
2779,0.0299477227436
2780,0.001
2781,0.001
2782,0.001
2783,0.001
2784,0.001
2785,0.001
2786,0.001
2787,0.001
2788,0.001
2789,0.001
2790,0.001
2791,0.001
2792,0.001
2793,0.001
2794,0.001
2795,0.001
2796,0.0497427905319
2797,0.0218067101759
2798,0.001
2799,0.001
2800,0.0330050318616
2801,0.172644147036
2802,0.0879017320549
2803,0.134413595696
2804,0.001
2805,0.001
2806,0.001
2807,0.001
2808,0.0399141991846
2809,0.001
2810,0.001
2811,0.001
2812,0.001
2813,0.001
2814,0.0335270203005
2815,0.0858742828677
2816,0.001
2817,0.001
2818,0.00816161859612
2819,0.113397198511
2820,0.001
2821,0.001
2822,0.001
2823,0.001
2824,0.102729636774
2825,0.001
2826,0.001
2827,0.001
2828,0.001
2829,0.001
2830,0.0673247432769
2831,0.001
2832,0.001
2833,0.001
2834,0.001
2835,0.0520377185624
2836,0.0732224853264
2837,0.001
2838,0.001
2839,0.001
2840,0.001
2841,0.001
2842,0.001
2843,0.001
2844,0.0934464322841
2845,0.001
2846,0.001
2847,0.0186918729142
2848,0.001
2849,0.001
2850,0.001
2851,0.001
2852,0.118677600509
2853,0.12091370777
2854,0.0879017320549
2855,0.0518793817948
2856,0.15608353596
2857,0.173948866597
2858,0.001
2859,0.001
2860,0.001
2861,0.001
2862,0.00622954314901
2863,0.001
2864,0.001
2865,0.001
2866,0.001
2867,0.001
2868,0.001
2869,0.001
2870,0.001
2871,0.001
2872,0.001
2873,0.001
2874,0.001
2875,0.001
2876,0.001
2877,0.001
2878,0.001
2879,0.0828840550143
2880,0.0632643429525
2881,0.282279301905
2882,0.001
2883,0.001
2884,0.00778636489204
2885,0.001
2886,0.001
2887,0.001
2888,0.001
2889,0.001
2890,0.001
2891,0.001
2892,0.001
2893,0.0994229188772
2894,0.001
2895,0.0533781765534
2896,0.159887752435
2897,0.001
2898,0.0677664632325
2899,0.123269980222
2900,0.0670461009966
2901,0.001
2902,0.001
2903,0.001
2904,0.001
2905,0.01999648056
2906,0.001
2907,0.001
2908,0.001
2909,0.001
2910,0.00306988517058
2911,0.001
2912,0.0416294496415
2913,0.0731991017123
2914,0.001
2915,0.001
2916,0.001
2917,0.10064663975
2918,0.001
2919,0.001
2920,0.00622943412453
2921,0.001
2922,0.0237493854111
2923,0.001
2924,0.001
2925,0.001
2926,0.001
2927,0.001
2928,0.001
2929,0.001
2930,0.001
2931,0.001
2932,0.0513911831403
2933,0.0918758151374
2934,0.001
2935,0.001
2936,0.001
2937,0.001
2938,0.001
2939,0.001
2940,0.001
2941,0.001
2942,0.001
2943,0.001
2944,0.001
2945,0.001
2946,0.001
2947,0.0124600077876
2948,0.001
2949,0.001
2950,0.0124598378533
2951,0.001
2952,0.001
2953,0.001
2954,0.001
2955,0.001
2956,0.001
2957,0.001
2958,0.001
2959,0.001
2960,0.001
2961,0.001
2962,0.0294436294478
2963,0.0706509333289
2964,0.001
2965,0.001
2966,0.010978735185
2967,0.001
2968,0.001
2969,0.001
2970,0.001
2971,0.001
2972,0.001
2973,0.001
2974,0.001
2975,0.001
2976,0.001
2977,0.001
2978,0.001
2979,0.001
2980,0.001
2981,0.001
2982,0.001
2983,0.001
2984,0.001
