0,0.001
1,0.001
2,0.001
3,0.001
4,0.001
5,0.001
6,0.001
7,0.0103006109893
8,0.001
9,0.001
10,0.001
11,0.001
12,0.001
13,0.001
14,0.001
15,0.001
16,0.001
17,0.210689698082
18,0.001
19,0.001
20,0.143036349231
21,0.0120921516309
22,0.001
23,0.107263469669
24,0.001
25,0.001
26,0.001
27,0.001
28,0.001
29,0.001
30,0.001
31,0.001
32,0.001
33,0.001
34,0.001
35,0.001
36,0.001
37,0.001
38,0.001
39,0.001
40,0.001
41,0.001
42,0.001
43,0.001
44,0.001
45,0.001
46,0.001
47,0.001
48,0.0652926497545
49,0.258508549751
50,0.207868541193
51,0.001
52,0.001
53,0.00277628205628
54,0.001
55,0.001
56,0.001
57,0.200806524155
58,0.0622905405245
59,0.001
60,0.001
61,0.0607414974152
62,0.113687495752
63,0.001
64,0.001
65,0.001
66,0.001
67,0.135923477433
68,0.1516091286
69,0.0422084547869
70,0.001
71,0.0633627595381
72,0.001
73,0.001
74,0.001
75,0.001
76,0.001
77,0.001
78,0.118362315978
79,0.08392746275
80,0.001
81,0.0358957951726
82,0.001
83,0.001
84,0.001
85,0.220203893383
86,0.001
87,0.001
88,0.001
89,0.0389399156168
90,0.001
91,0.001
92,0.00561655588963
93,0.001
94,0.0399010803508
95,0.001
96,0.123269980222
97,0.0429263608973
98,0.0108044928673
99,0.0872822310185
100,0.001
101,0.11369770565
102,0.0971544083227
103,0.0700900332802
104,0.001
105,0.0189722744823
106,0.001
107,0.182156306745
108,0.0229956189484
109,0.001
110,0.0165965897607
111,0.001
112,0.001
113,0.0583676762808
114,0.0874165495802
115,0.096106314707
116,0.001
117,0.0439269254159
118,0.10064040827
119,0.001
120,0.001
121,0.0638382639394
122,0.0916559412965
123,0.0550162026556
124,0.001
125,0.001
126,0.0309294909167
127,0.001
128,0.136528204609
129,0.0436448763664
130,0.001
131,0.001
132,0.001
133,0.001
134,0.001
135,0.001
136,0.0669646488112
137,0.001
138,0.0608787625985
139,0.001
140,0.110573354481
141,0.0682829398622
142,0.001
143,0.001
144,0.0723666980298
145,0.001
146,0.146399449298
147,0.182051593122
148,0.0999074890384
149,0.134154499378
150,0.25364953685
151,0.0683815176723
152,0.122383630988
153,0.12369011034
154,0.001
155,0.073867159126
156,0.001
157,0.222436571376
158,0.0393873052136
159,0.001
160,0.0452932353837
161,0.001
162,0.0444328891196
163,0.001
164,0.0529501776958
165,0.001
166,0.001
167,0.001
168,0.0484959081663
169,0.001
170,0.001
171,0.0790536686475
172,0.001
173,0.001
174,0.001
175,0.089521842677
176,0.121409360753
177,0.172255053542
178,0.001
179,0.253770198491
180,0.001
181,0.165614392564
182,0.117579044032
183,0.158998822493
184,0.001
185,0.0825520537978
186,0.0981262633818
187,0.1354969005
188,0.0918754339009
189,0.105889506849
190,0.0541585777355
191,0.188276582045
192,0.001
193,0.001
194,0.001
195,0.001
196,0.0975264351271
197,0.001
198,0.132701263626
199,0.001
200,0.001
201,0.00816161859612
202,0.0426930808446
203,0.001
204,0.244731015285
205,0.001
206,0.0399010803508
207,0.143387480984
208,0.0420666179341
209,0.001
210,0.0552360227313
211,0.001
212,0.001
213,0.0777302128341
214,0.0492506984867
215,0.055110114302
216,0.00670486040192
217,0.001
218,0.001
219,0.001
220,0.001
221,0.001
222,0.13872208746
223,0.119735962612
224,0.1538534722
225,0.166134351368
226,0.001
227,0.001
228,0.079140767168
229,0.001
230,0.0269206314941
231,0.0672218981365
232,0.0451931993671
233,0.133977535035
234,0.289700636285
235,0.264780034722
236,0.001
237,0.0652032036144
238,0.001
239,0.001
240,0.001
241,0.001
242,0.144871492838
243,0.169740133476
244,0.0485211945545
245,0.001
246,0.047807589146
247,0.001
248,0.001
249,0.123269980222
250,0.001
251,0.0665663963725
252,0.0361991618228
253,0.149516398209
254,0.001
255,0.001
256,0.120080522512
257,0.001
258,0.251363625794
259,0.001
260,0.240119675305
261,0.33360351027
262,0.181699071289
263,0.001
264,0.0846920869192
265,0.135074955651
266,0.104584711759
267,0.042252168955
268,0.0745259477195
269,0.001
270,0.001
271,0.0465429461413
272,0.0501649090975
273,0.460271857844
274,0.239708719977
275,0.102790022606
276,0.001
277,0.001
278,0.0089327899986
279,0.232512566074
280,0.109011296873
281,0.0618511886979
282,0.150720491209
283,0.123269980222
284,0.0039021426585
285,0.102058014723
286,0.0746386389923
287,0.12460910026
288,0.391478687359
289,0.0794350606149
290,0.291265930233
291,0.211171712277
292,0.122698524164
293,0.177629607729
294,0.0681780553686
295,0.166085167898
296,0.076792504039
297,0.182488287561
298,0.107253248139
299,0.001
300,0.0930476319055
301,0.0552051634827
302,0.102328464091
303,0.001
304,0.227401067743
305,0.001
306,0.001
307,0.0428072156421
308,0.0654131511971
309,0.001
310,0.116931678357
311,0.0745259477195
312,0.172905099252
313,0.182774859817
314,0.0220148565408
315,0.346596155817
316,0.113113685826
317,0.267325241561
318,0.138147915172
319,1.0
320,0.674654569582
321,0.351759725588
322,0.001
323,0.243788550767
324,0.440407786765
325,0.0923616266322
326,0.280331961627
327,0.400679644609
328,0.440407786765
329,0.204785442557
330,0.107012641838
331,0.208921781675
332,0.0095851588562
333,0.001
334,0.0955748519922
335,0.001
336,0.001
337,0.0309538513722
338,0.05761673228
339,0.001
340,0.001
341,0.145569788222
342,0.156264634166
343,0.115461398936
344,0.0601069118986
345,0.121095229437
346,0.0993964127091
347,0.241881786481
348,0.001
349,0.0477383207168
350,0.159373302562
351,0.515429822714
352,0.408026283252
353,0.351466754362
354,0.484419764143
355,0.187298144764
356,0.686875141349
357,0.33811423737
358,0.12250616379
359,0.423837438876
360,0.462595401313
361,0.12710664671
362,0.240231910256
363,0.001
364,0.149628976562
365,0.001
366,0.11442702807
367,0.188363821378
368,0.237314467994
369,0.165918681754
370,0.116174169397
371,0.001
372,0.121589549479
373,0.207813981558
374,0.117485028001
375,0.001
376,0.001
377,0.0464213124498
378,0.001
379,0.001
380,0.327100855263
381,0.146534693275
382,0.103671786884
383,0.0179616553899
384,0.135944215176
385,0.001
386,0.162362548109
387,0.001
388,0.116811469576
389,0.467770784828
390,0.247977290545
391,0.41459604812
392,0.519264846922
393,0.389761406298
394,0.001
395,0.437542752873
396,0.001
397,0.132381374348
398,0.001
399,0.408100113337
400,0.001
401,0.13549864313
402,0.16865807051
403,0.0873165135636
404,0.286585746
405,0.157119557389
406,0.0132136329695
407,0.14223684
408,0.243352407462
409,0.161167919135
410,0.001
411,0.091189445435
412,0.142203628351
413,0.001
414,0.001
415,0.0189477879051
416,0.001
417,0.001
418,0.335568862028
419,0.192223102152
420,0.001
421,0.139437541011
422,0.23528882012
423,0.0792481124968
424,0.001
425,0.206174017073
426,0.589603985691
427,0.430956992174
428,0.331133724902
429,0.379987381829
430,0.343681655919
431,0.58657744413
432,0.215471312818
433,0.553793205354
434,0.42142895908
435,0.197180227531
436,0.001
437,0.428105666461
438,0.468662170232
439,0.342107646439
440,0.215073854935
441,0.132905608258
442,0.112829440739
443,0.170498226885
444,0.146385575486
445,0.149770242473
446,0.734314644106
447,1.01816495956
448,0.340771030013
449,0.202474916657
450,0.103084661269
451,0.001
452,0.001
453,0.0734067475237
454,0.001
455,0.001
456,0.001
457,0.117108602722
458,0.0669708613721
459,0.001
460,0.001
461,0.001
462,0.0870180874334
463,0.001
464,0.001
465,0.55791067683
466,0.77880692165
467,0.459924558711
468,0.295561807604
469,0.66631236717
470,0.127691011243
471,0.439598842479
472,0.288156139672
473,0.001
474,0.163369046012
475,0.653403844183
476,0.78480908112
477,0.211171712277
478,0.001
479,0.493763103725
480,0.31021466772
481,0.170979469042
482,0.122211943226
483,0.291678313928
484,0.001
485,0.198355293653
486,0.159447891974
487,0.37511517789
488,0.001
489,0.001
490,0.001
491,0.107460605069
492,0.001
493,0.001
494,0.001
495,0.159534563867
496,0.001
497,0.296126325508
498,0.152216047887
499,0.0443330206145
500,0.648911960143
501,0.627691588988
502,0.551106301037
503,0.539256444173
504,0.610588658498
505,1.01816495956
506,0.424245504017
507,0.105193730105
508,0.64528652498
509,0.224137810537
510,0.285034721847
511,0.386211737414
512,0.109853316639
513,0.366542858568
514,0.367285340201
515,1.00169911152
516,0.157530957501
517,0.268864130591
518,0.22308625187
519,0.001
520,0.0635092761799
521,0.001
522,0.251438656195
523,0.001
524,0.050237482193
525,0.001
526,0.0371627780788
527,0.001
528,0.0861114001387
529,0.001
530,0.001
531,0.001
532,0.001
533,0.139875097377
534,0.192607822901
535,0.208921781675
536,0.001
537,0.0940394068566
538,0.401264039743
539,0.766567306941
540,0.49736052338
541,0.195300868141
542,0.370294019486
543,0.680752330114
544,0.412330294428
545,0.369115752426
546,0.001
547,0.378936686105
548,0.251440907134
549,0.315958031451
550,0.37899451711
551,0.259882774254
552,0.415962747164
553,0.0946658697671
554,0.192707205917
555,0.49436646089
556,0.219912601579
557,0.091991224112
558,0.001
559,0.001
560,0.0835303537893
561,0.0867475453431
562,0.001
563,0.001
564,0.001
565,0.001
566,0.001
567,0.0866728456349
568,0.001
569,0.001
570,0.0681780553686
571,0.406484611204
572,0.384681982769
573,0.001
574,0.001
575,0.362910085916
576,0.787774791385
577,0.324045046784
578,0.335981891207
579,0.457881200239
580,0.0727947043511
581,0.177433813818
582,0.130090701263
583,0.186517524895
584,0.193184904024
585,0.432940907675
586,0.291974626054
587,0.435669152117
588,0.221367548085
589,0.359934506499
590,0.399354063245
591,0.278334953996
592,0.131158118141
593,0.315028709996
594,0.0428072156421
595,0.0647621794959
596,0.001
597,0.001
598,0.0542020933676
599,0.001
600,0.0368401122179
601,0.0402130795698
602,0.11311850039
603,0.001
604,0.001
605,0.001
606,0.001
607,0.001
608,0.001
609,0.0999074890384
610,0.001
611,0.001
612,0.001
613,0.001
614,0.089348944151
615,0.001
616,0.156939444594
617,0.145221564806
618,0.105474075356
619,0.237688341673
620,0.0561399938668
621,0.217477399438
622,0.001
623,0.0373707923619
624,0.001
625,0.001
626,0.112566642687
627,1.0
628,0.191703583161
629,0.299784227397
630,0.001
631,0.0546513924259
632,0.112127211847
633,0.0267657518406
634,0.1069590718
635,0.001
636,0.125063121429
637,0.222729322806
638,0.296265235837
639,0.164593929255
640,0.246044948075
641,0.109588443564
642,0.210029274032
643,0.221130632206
644,0.118804294397
645,0.0467040494696
646,0.001
647,0.001
648,0.236775309933
649,0.0727947043511
650,0.0402636271001
651,0.001
652,0.00146633247615
653,0.001
654,0.001
655,0.001
656,0.159373302562
657,0.001
658,0.0737348690837
659,0.001
660,0.001
661,0.001
662,0.136655404649
663,0.233608745559
664,0.228822594682
665,0.470381814748
666,0.130200608845
667,0.001
668,0.156317306955
669,0.0897451802387
670,0.152643905008
671,0.001
672,0.001
673,0.0669690220612
674,0.001
675,0.0169244201467
676,0.020278970822
677,0.0248237745448
678,0.0886675546216
679,0.001
680,0.34070923876
681,0.442236799463
682,0.499803599711
683,0.407106856274
684,0.001
685,0.0513642295123
686,0.0596071335214
687,0.001
688,0.001
689,0.001
690,0.0428072156421
691,0.296679560236
692,0.22812744825
693,0.30103607051
694,0.250960991464
695,0.0718275446463
696,0.173569398467
697,0.0731637738055
698,0.109511420807
699,0.115263036289
700,0.0543281084211
701,0.506939313388
702,0.257463180395
703,0.0271303001697
704,0.001
705,0.0763157602757
706,0.109122680955
707,0.0871396416651
708,0.001
709,0.001
710,0.246539960444
711,0.001
712,0.191743328674
713,0.0652926497545
714,0.0109014467797
715,0.001
716,0.001
717,0.001
718,0.0231149849993
719,0.220203893383
720,0.319453248107
721,0.410186082345
722,0.305304333334
723,0.364588339134
724,0.367125712001
725,0.104346114663
726,0.001
727,0.00449423170749
728,0.001
729,0.001
730,0.182473699377
731,0.234512448069
732,0.311523089113
733,0.406489187875
734,0.172866631774
735,0.0952460788992
736,0.520267411778
737,0.299060910425
738,0.469861827833
739,0.818938899583
740,0.443811600119
741,0.207447653614
742,0.001
743,0.140184015099
744,0.742564392283
745,0.450096180187
746,0.33248660477
747,0.360421835143
748,0.429205531889
749,0.001
750,0.541987277747
751,0.0463142976039
752,0.599320355391
753,0.185829166583
754,0.312357723715
755,0.199854641587
756,0.0813993273476
757,0.18318199051
758,0.313039248911
759,0.109122680955
760,0.001
761,0.001
762,0.001
763,0.001
764,0.0152789524441
765,0.001
766,0.149530328223
767,0.0872424680869
768,0.001
769,0.155808899184
770,0.001
771,0.102093044364
772,0.455481279755
773,0.212336310233
774,0.185817910537
775,0.124538132817
776,0.209058247188
777,0.0658423362566
778,0.509367953265
779,0.395636197795
780,0.17569012688
781,0.17360918785
782,0.0184427072518
783,0.001
784,0.001
785,0.0490281283795
786,0.0727947043511
787,0.461060702455
788,0.608589930764
789,0.0583676762808
790,0.352695882461
791,0.513947014124
792,0.304424288608
793,0.362269592727
794,0.212371973324
795,0.521208942444
796,0.627407697321
797,0.306238014853
798,0.001
799,0.159373302562
800,0.001
801,0.489578247261
802,0.076792504039
803,0.333700565431
804,0.607228159724
805,0.198733988135
806,0.142017044468
807,0.001
808,0.406513658073
809,0.39163066553
810,0.495651390624
811,0.0913948735469
812,0.174056813291
813,0.358674821497
814,0.431427077497
815,0.365431725054
816,0.274107516515
817,0.001
818,0.001
819,0.001
820,0.001
821,0.0035504540498
822,0.001
823,0.409585483498
824,0.001
825,0.138348895322
826,0.0670461009966
827,0.001
828,0.001
829,0.001
830,0.001
831,0.35046989032
832,0.146861744938
833,0.219031818881
834,0.253758169173
835,0.431894808165
836,0.336377623056
837,0.38159134211
838,0.708373004014
839,0.684857802504
840,0.254441765858
841,0.214808721333
842,0.0305551845431
843,0.102500684866
844,0.001
845,0.001
846,0.303951576926
847,0.212133884413
848,0.526384442928
849,0.303114152204
850,0.609035157857
851,0.615879195157
852,0.439450726516
853,0.211391567044
854,0.528158062918
855,0.698640710782
856,0.651199260914
857,0.143853262217
858,0.201777224574
859,0.351972246061
860,0.318147304958
861,0.632014305006
862,0.469579666244
863,0.273278481321
864,0.305071498277
865,0.35226812187
866,0.331133724902
867,0.346596155817
868,0.12075987173
869,0.415676072737
870,0.001
871,0.0803426869519
872,0.253865552022
873,0.193932908776
874,0.347669161015
875,0.298480379977
876,0.239144809728
877,0.001
878,0.001
879,0.001
880,0.001
881,0.001
882,0.026367741662
883,0.0809859118902
884,0.001
885,0.001
886,0.0201160050043
887,0.001
888,0.001
889,0.240098324302
890,0.20558778167
891,0.210854830868
892,0.292803793744
893,0.262315847697
894,0.001
895,0.366254451626
896,0.242770930122
897,0.246358850199
898,0.0666117777536
899,0.14182353936
900,0.001
901,0.316193662589
902,0.129920254319
903,0.17312282036
904,0.303724398499
905,0.196096251637
906,0.001
907,0.001
908,0.040904924791
909,0.232313720102
910,0.437639516669
911,0.385403155788
912,0.0242388853545
913,0.400968905133
914,0.540935108513
915,0.552533483888
916,0.70716082795
917,0.677568150018
918,0.246011103862
919,0.387819093687
920,0.001
921,0.43625317953
922,1.04244601235
923,0.400679644609
924,0.83481045714
925,0.566089485872
926,0.186976574973
927,0.384803530433
928,0.001
929,0.390676431847
930,0.422280078572
931,0.570048592936
932,0.347701281762
933,0.247424166648
934,0.18873387669
935,0.0436448763664
936,0.412760467526
937,0.451685483429
938,0.608086864605
939,0.001
940,0.0368401122179
941,0.001
942,0.112142587765
943,0.001
944,0.001
945,0.00467193408561
946,0.0327002887389
947,0.0729502372003
948,0.001
949,0.001
950,0.0057528239519
951,0.224548719421
952,0.19183513277
953,0.260365960276
954,0.001
955,0.318746605123
956,0.0811395374984
957,0.001
958,0.228315120081
959,0.0988458377544
960,0.167340985862
961,0.0152789524441
962,0.306289241373
963,0.001
964,0.286561842696
965,0.11616842439
966,0.113786637914
967,0.001
968,0.001
969,0.001
970,0.001
971,0.184792279711
972,0.40025033546
973,0.503598166585
974,0.545856762262
975,0.644559622735
976,0.780773442064
977,0.692883314822
978,0.413684836598
979,0.546227312943
980,0.521365032797
981,0.10712029565
982,0.347546982378
983,0.474031335389
984,0.646372851933
985,0.506044859762
986,0.0497691419226
987,0.459492424766
988,0.49104833774
989,0.323055850292
990,0.476120675716
991,0.001
992,0.001
993,0.201810761873
994,0.35228107334
995,0.001
996,0.0431438120926
997,0.402030724368
998,0.305039801081
999,0.001
1000,0.887825731748
1001,0.320892176819
1002,0.193779351098
1003,0.0277457225319
1004,0.41784356335
1005,0.0260891410124
1006,0.143700662145
1007,0.001
1008,0.001
1009,0.0322395914375
1010,0.0669638768799
1011,0.174058113014
1012,0.001
1013,0.001
1014,0.001
1015,0.001
1016,0.0557186888043
1017,0.650680372551
1018,0.404405546824
1019,0.228977568435
1020,0.190038877397
1021,0.118797901179
1022,0.001
1023,0.244540886042
1024,0.122211943226
1025,0.163305842085
1026,0.418980257732
1027,0.36538248611
1028,0.001
1029,0.0898048535645
1030,0.001
1031,0.230173464647
1032,0.409585483498
1033,0.122832899482
1034,0.001
1035,0.0499038198129
1036,0.218975997594
1037,0.463236561591
1038,0.381951114038
1039,0.644627516556
1040,0.562880727653
1041,0.001
1042,0.459491030663
1043,0.235695573011
1044,0.763339878323
1045,0.532614824857
1046,0.585134010762
1047,0.305038377663
1048,0.923914905919
1049,0.336428178702
1050,0.198708565636
1051,0.388769723589
1052,0.287593513453
1053,0.236165806601
1054,0.462002123132
1055,0.322689745185
1056,0.29796651876
1057,0.440407786765
1058,0.347798859555
1059,0.0398179423473
1060,0.230619463316
1061,0.247424166648
1062,0.346867730551
1063,0.260053226381
1064,0.361359391502
1065,0.559648785066
1066,0.0199338658863
1067,0.001
1068,0.001
1069,0.0768342722108
1070,0.152633358919
1071,0.001
1072,0.001
1073,0.001
1074,0.0206444940202
1075,0.001
1076,0.001
1077,0.0039021426585
1078,0.127691011243
1079,1.0
1080,0.0834043198366
1081,0.001
1082,0.001
1083,0.001
1084,0.202494325039
1085,0.182258486615
1086,0.274822809273
1087,0.0608685409126
1088,0.001
1089,0.149300051972
1090,0.19016356636
1091,0.275785901852
1092,0.432682875116
1093,0.428233729408
1094,0.264589402369
1095,0.43768610591
1096,0.233745548374
1097,0.189891289232
1098,0.212275911645
1099,0.36428717703
1100,0.001
1101,0.189432519537
1102,0.001
1103,0.001
1104,0.001
1105,0.202514630827
1106,0.545158761882
1107,0.507860454983
1108,0.32564059771
1109,0.001
1110,0.901858331997
1111,0.081155395835
1112,0.732066241424
1113,0.297490829104
1114,0.901813726973
1115,0.286679632932
1116,0.409585483498
1117,0.906691336256
1118,0.277502311425
1119,0.149277277985
1120,0.122211943226
1121,0.347312063284
1122,0.563170491576
1123,0.166493403919
1124,0.526431007558
1125,0.274993151345
1126,0.160270470561
1127,0.389387771089
1128,0.15770917263
1129,0.222882717309
1130,0.001
1131,0.001
1132,0.383185080336
1133,0.484368310583
1134,0.235901477548
1135,0.001
1136,0.00934461426788
1137,0.001
1138,0.184533657867
1139,0.22184659979
1140,0.301726062944
1141,0.110589755787
1142,0.001
1143,0.001
1144,0.001
1145,0.0260235755027
1146,0.001
1147,0.206079774336
1148,0.0972507895075
1149,0.001
1150,0.187197171074
1151,0.542525291946
1152,0.091189445435
1153,0.001
1154,0.320864992616
1155,0.001
1156,0.001
1157,0.160754850887
1158,0.001
1159,0.618159823207
1160,0.445094810456
1161,0.82388810367
1162,0.744462622693
1163,0.446743570948
1164,0.584131165718
1165,0.120982679451
1166,0.001
1167,0.280155125422
1168,0.268485743604
1169,0.242998506547
1170,0.113822552327
1171,0.0675411106574
1172,0.0316716209087
1173,0.001
1174,0.337183566444
1175,0.510767013903
1176,0.402802922737
1177,0.001
1178,0.001
1179,0.319137144718
1180,0.627416028192
1181,0.418287711374
1182,0.274064267649
1183,0.370714098764
1184,0.0732014018466
1185,0.001
1186,0.29326836202
1187,0.00793255375836
1188,0.001
1189,0.208921781675
1190,0.509316424922
1191,0.083924211438
1192,0.35899217758
1193,0.230970020258
1194,0.0871742119312
1195,0.41683326918
1196,0.0421233141965
1197,0.326312449488
1198,0.0399367582194
1199,0.492205085927
1200,0.001
1201,0.0384099402109
1202,0.502301807812
1203,0.160412944669
1204,0.0998726425501
1205,0.14308404604
1206,0.138470794385
1207,0.260676000772
1208,0.554492695209
1209,0.486377987537
1210,0.208921781675
1211,0.0880772946486
1212,0.001
1213,0.0528248675869
1214,0.001
1215,0.0981293246001
1216,0.0445163352868
1217,0.001
1218,0.001
1219,0.102489869646
1220,0.0758724703394
1221,0.001
1222,0.0485207934579
1223,0.001
1224,0.001
1225,0.269329566913
1226,0.001
1227,0.240010957848
1228,0.841060531851
1229,0.559771137174
1230,0.471693305351
1231,0.939049155977
1232,0.3543767718
1233,0.001
1234,0.001
1235,0.237309351707
1236,0.506183126955
1237,0.269527953059
1238,0.362460245044
1239,0.172876266738
1240,0.001
1241,0.0193196294619
1242,0.0685335287938
1243,0.344597592275
1244,0.534436872662
1245,0.648580264474
1246,0.001
1247,0.134876039659
1248,0.363604581129
1249,0.438879890908
1250,0.2996548036
1251,0.498351117765
1252,0.0805716021987
1253,0.001
1254,0.177900672968
1255,0.352365404355
1256,0.407818181663
1257,0.332465264334
1258,0.244927753558
1259,0.335626193853
1260,0.321576984363
1261,0.23810331052
1262,0.277315233282
1263,0.163164595873
1264,0.172580730267
1265,0.0290442361289
1266,0.105014501519
1267,0.104245446764
1268,0.00841987174708
1269,0.001
1270,0.0857786236854
1271,0.0571543686467
1272,0.253470065175
1273,0.240434327716
1274,0.16927515461
1275,0.195182650283
1276,0.348320705921
1277,0.419966199374
1278,0.33802610675
1279,0.139230310388
1280,0.369105850579
1281,0.0550107596373
1282,0.001
1283,0.001
1284,0.001
1285,0.001
1286,0.001
1287,0.001
1288,0.130744502445
1289,0.158386666166
1290,0.172892111261
1291,0.0420656562061
1292,0.001
1293,0.0652926497545
1294,0.40489119542
1295,0.0250747662325
1296,0.714972994654
1297,0.380411564381
1298,0.355662641399
1299,0.37783065566
1300,0.192469117007
1301,0.382804437561
1302,0.424121794551
1303,0.119483486057
1304,0.001
1305,0.590298132348
1306,0.001
1307,0.337682734225
1308,0.192236986823
1309,0.0478981987802
1310,0.001
1311,0.001
1312,0.001
1313,0.001
1314,0.728889798863
1315,0.266332968676
1316,0.801359289218
1317,0.001
1318,0.001
1319,0.001
1320,0.425254061288
1321,0.0935692002769
1322,0.001
1323,0.453487786211
1324,0.323515038169
1325,1.28484169764
1326,0.281313649075
1327,0.291169513454
1328,0.0992889388892
1329,0.130275160846
1330,0.242957013182
1331,0.0652926497545
1332,0.001
1333,0.0404837912123
1334,0.169605459472
1335,0.001
1336,0.001
1337,0.159003546231
1338,0.33480701034
1339,0.001
1340,0.265384404727
1341,0.651539584583
1342,0.211969651206
1343,0.324087003266
1344,0.246760874975
1345,0.297214569077
1346,0.3177451009
1347,0.283464148103
1348,0.186014629443
1349,0.001
1350,0.001
1351,0.00170584014004
1352,0.0716602995234
1353,0.001
1354,0.001
1355,0.001
1356,0.0778888849549
1357,0.001
1358,0.001
1359,0.001
1360,0.110601303044
1361,0.0354375254532
1362,0.103673306889
1363,0.001
1364,0.21466729028
1365,0.290890193988
1366,0.646153213465
1367,0.340263478083
1368,1.15103869616
1369,0.551992389309
1370,0.378726533902
1371,0.246881132488
1372,0.41558423049
1373,0.378730967534
1374,0.13418583561
1375,0.386235578669
1376,0.001
1377,0.181725764444
1378,0.177668833896
1379,0.19865347738
1380,0.171582548642
1381,0.001
1382,0.001
1383,0.001
1384,0.001
1385,0.143904057122
1386,0.001
1387,0.0303230292669
1388,0.127691011243
1389,0.766355681606
1390,0.504576724384
1391,0.450048788509
1392,0.001
1393,0.140071324685
1394,0.267460574129
1395,0.319524248774
1396,0.0879017320549
1397,0.001
1398,0.174196315227
1399,0.303435092116
1400,0.001
1401,0.330263665907
1402,0.400074607944
1403,0.123649438392
1404,0.316121071497
1405,0.214920798906
1406,0.185375395551
1407,0.214903680875
1408,0.274251104468
1409,0.327030891412
1410,0.428275307263
1411,0.161253081895
1412,0.210111573754
1413,0.211530359149
1414,0.001
1415,0.001
1416,0.256833002988
1417,0.197129590794
1418,0.0833420223012
1419,0.400280529562
1420,0.272587837198
1421,0.0242388853545
1422,0.155740191542
1423,0.102770051581
1424,0.115258768256
1425,0.0245953112782
1426,0.13474979057
1427,0.152906302283
1428,0.241720203532
1429,0.0681780553686
1430,0.001
1431,0.001
1432,0.001
1433,0.001
1434,0.001
1435,0.001
1436,0.016453499334
1437,0.16839322077
1438,0.37222749004
1439,0.001
1440,0.338906261062
1441,0.523833721364
1442,0.434463126207
1443,0.820816237073
1444,0.576065913772
1445,0.319524248774
1446,0.243546383269
1447,0.223175736796
1448,0.179917378238
1449,0.244510113964
1450,0.50562265766
1451,0.217921731538
1452,0.307031300169
1453,0.117254680162
1454,0.001
1455,0.143870773134
1456,0.353778421919
1457,0.248017576689
1458,0.001
1459,0.257006193356
1460,0.434568740891
1461,0.457429930404
1462,0.001
1463,0.0498395156531
1464,0.430230683129
1465,0.371045921225
1466,0.354493074175
1467,0.081155395835
1468,0.163712993458
1469,0.0496015819411
1470,0.398727379713
1471,0.207654300937
1472,0.387832210118
1473,0.246674786238
1474,0.622443511071
1475,0.410024815749
1476,0.426688796731
1477,0.001
1478,0.482834764279
1479,0.0606891755914
1480,0.653403844183
1481,0.132271560892
1482,0.0152789524441
1483,0.0615774504904
1484,0.17345354468
1485,0.292677709719
1486,0.710806394435
1487,0.188316385059
1488,0.001
1489,0.0762834411113
1490,0.001
1491,0.10766702035
1492,0.598112809803
1493,0.161130934386
1494,0.162518300169
1495,0.177364787371
1496,0.565678032544
1497,0.106238014853
1498,0.001
1499,0.0917307205119
1500,0.0108044928673
1501,0.001
1502,0.0622919586374
1503,0.001
1504,0.001
1505,0.001
1506,0.0779473660937
1507,0.165097744062
1508,0.001
1509,0.0440710670075
1510,0.001
1511,0.001
1512,0.001
1513,0.0244817605173
1514,0.0830588413735
1515,0.001
1516,0.0428072156421
1517,0.0706787402341
1518,0.106430375228
1519,0.001
1520,0.278895409882
1521,0.001
1522,0.001
1523,0.119943081709
1524,0.108615654302
1525,0.001
1526,0.197807791028
1527,0.0669744846214
1528,0.0111933815473
1529,0.001
1530,0.001
1531,0.402832996824
1532,0.001
1533,0.001
1534,0.0373818308301
1535,0.315195589923
1536,0.523925842213
1537,0.103420724851
1538,0.001
1539,0.0906977628299
1540,0.125128734946
1541,0.456392538137
1542,0.568542396174
1543,0.182025261158
1544,0.001
1545,0.440999371526
1546,0.219236037427
1547,0.329988684698
1548,0.001
1549,0.720787081903
1550,0.322754257084
1551,0.22142106385
1552,0.19268418744
1553,0.139685297006
1554,0.20198599485
1555,0.21679355719
1556,0.001
1557,0.001
1558,0.233320027847
1559,0.196455030386
1560,0.283476622458
1561,0.490221883044
1562,0.159586467892
1563,0.0448283136096
1564,0.001
1565,0.001
1566,0.001
1567,0.227892254269
1568,0.112887039077
1569,0.404926093367
1570,0.271640542105
1571,0.398507309632
1572,0.182228723815
1573,0.001
1574,0.0575980516577
1575,0.001
1576,0.001
1577,0.001
1578,0.106518561415
1579,0.0768342722108
1580,0.0669772917025
1581,0.001
1582,0.0297609162174
1583,0.0731885202858
1584,0.001
1585,0.0304107451746
1586,0.001
1587,0.0596035654516
1588,0.123030316783
1589,0.411044311173
1590,0.13139913404
1591,0.123269980222
1592,0.176168781952
1593,0.918844604165
1594,0.665168432683
1595,0.519410306946
1596,0.493761009334
1597,0.113964455429
1598,0.0242388853545
1599,0.78651071121
1600,0.643259271645
1601,0.307801720353
1602,0.379116462009
1603,0.001
1604,0.001
1605,0.001
1606,0.230333096669
1607,0.007804285317
1608,0.001
1609,0.001
1610,0.001
1611,0.04226136709
1612,0.488513031126
1613,0.0750862458041
1614,0.001
1615,0.0278312495883
1616,0.0360309638244
1617,0.26713377062
1618,0.001
1619,0.291828252925
1620,0.197952022897
1621,0.25839995894
1622,0.0437674244749
1623,0.501010922242
1624,0.878598587585
1625,0.59807467267
1626,0.214064337295
1627,0.332253221172
1628,0.115250120037
1629,0.00670805352026
1630,0.1214673844
1631,0.212139686651
1632,0.272525000655
1633,0.374060465961
1634,0.200234120057
1635,0.323949956098
1636,0.15394516229
1637,0.638691829849
1638,0.239186387245
1639,0.0537470344897
1640,0.0729768871406
1641,0.001
1642,0.108804208786
1643,0.001
1644,0.191044920437
1645,0.398955715252
1646,0.527927657608
1647,0.226049647227
1648,0.001
1649,2.96534661897
1650,0.001
1651,0.104895951754
1652,0.175806897633
1653,0.164036236858
1654,0.001
1655,0.001
1656,0.001
1657,0.001
1658,0.109690772458
1659,0.001
1660,0.001
1661,0.001
1662,0.129766405059
1663,0.275714304975
1664,0.13551701767
1665,0.302769925266
1666,0.182488287561
1667,0.40608455526
1668,0.184876810943
1669,0.466305322586
1670,0.422204789383
1671,0.724233771294
1672,0.472904581849
1673,0.147508865576
1674,0.348474814316
1675,0.322380873848
1676,0.151929896597
1677,0.346596155817
1678,0.50687887608
1679,0.519857645606
1680,0.319297359634
1681,0.0509559204332
1682,0.00816161859612
1683,0.001
1684,0.674188622222
1685,0.128240885732
1686,0.001
1687,0.0256303283402
1688,0.607428842636
1689,0.371813672822
1690,0.0406087957105
1691,0.0814329482952
1692,0.001
1693,0.190029263199
1694,0.183910063337
1695,0.266365900382
1696,0.0706787402341
1697,0.187298144764
1698,0.643231851103
1699,0.081155395835
1700,0.450964133246
1701,0.509987771453
1702,0.0108044928673
1703,0.194725830676
1704,0.0980364751992
1705,0.277228591158
1706,0.150023182669
1707,0.199787655852
1708,0.253221521401
1709,0.302509027102
1710,0.151075254065
1711,0.307969008049
1712,0.241172137459
1713,0.185329721416
1714,0.43759746041
1715,0.11998783511
1716,0.177265038315
1717,0.127691011243
1718,0.103798639769
1719,0.001
1720,0.270596257357
1721,0.526085637359
1722,0.763520943928
1723,0.554419681967
1724,0.876818398343
1725,0.647743606681
1726,0.001
1727,0.0545103899576
1728,0.0723277247293
1729,0.0470755731362
1730,0.001
1731,0.001
1732,0.001
1733,0.001
1734,0.001
1735,0.123269980222
1736,0.0888487322664
1737,0.240713505052
1738,0.37226637237
1739,0.001
1740,0.426997789111
1741,0.460457883544
1742,0.817031921941
1743,0.101236645122
1744,0.333194346084
1745,0.811723417955
1746,0.578909889427
1747,0.755394556168
1748,0.61929973086
1749,0.586726096342
1750,0.369192347216
1751,0.328441299762
1752,0.63595313109
1753,0.081155395835
1754,0.550264496944
1755,0.243544812937
1756,0.001
1757,0.001
1758,0.0531391351429
1759,0.170085631692
1760,0.0402636271001
1761,0.139142323238
1762,0.001
1763,0.001
1764,0.001
1765,0.379956510477
1766,0.486371589096
1767,0.0450015192085
1768,0.243605774323
1769,0.148409262887
1770,0.0969960834136
1771,0.169975149023
1772,0.40651577388
1773,0.322696486683
1774,0.427566855802
1775,0.602666684502
1776,0.720203893383
1777,0.350867898917
1778,0.001
1779,0.00306988517058
1780,0.264286774639
1781,0.414264653724
1782,0.275678837193
1783,0.0484777707089
1784,0.247030252236
1785,0.0925419451415
1786,0.0860640498737
1787,0.029412619878
1788,0.0850919407096
1789,0.228226141982
1790,0.0791705057546
1791,0.001
1792,0.001
1793,0.0428072156421
1794,0.0713611026554
1795,0.465665427857
1796,0.169478457166
1797,0.169883773369
1798,0.550806195891
1799,0.545589408702
1800,0.325776290152
1801,0.182877113743
1802,0.424151766917
1803,0.00311414134964
1804,0.001
1805,0.185377452194
1806,0.309938602045
1807,0.001
1808,0.0440097621239
1809,0.0317372287486
1810,0.259137117778
1811,0.140195871825
1812,0.100108705048
1813,0.001
1814,0.001
1815,0.264589402369
1816,0.422199518898
1817,0.479509407893
1818,0.523259262534
1819,0.0480460731903
1820,0.732015768526
1821,0.27962090784
1822,0.001
1823,0.235180438588
1824,0.393402613226
1825,0.342017044468
1826,0.579686651281
1827,0.514242452424
1828,0.182488287561
1829,0.351635063181
1830,0.791193020376
1831,0.4724089477
1832,0.531125223187
1833,0.318528484567
1834,0.193591577744
1835,0.0276641417455
1836,0.001
1837,0.001
1838,0.001
1839,0.001
1840,0.001
1841,0.409655506312
1842,0.160416487995
1843,0.001
1844,0.273272379282
1845,0.400155435215
1846,0.546610311365
1847,0.324796648826
1848,0.001
1849,0.001
1850,0.273207699286
1851,0.277396910495
1852,0.272756500611
1853,0.430548243161
1854,0.211391567044
1855,0.001
1856,0.140404810666
1857,0.164153218145
1858,0.001
1859,0.23946631081
1860,0.167394350775
1861,0.407926228941
1862,0.164568974608
1863,0.414995461955
1864,0.271024571133
1865,0.135971389989
1866,0.123749474408
1867,0.001
1868,0.0428072156421
1869,0.468517648652
1870,0.001
1871,0.266214557971
1872,0.248374917021
1873,0.156000502851
1874,0.496824581503
1875,0.191273790517
1876,0.001
1877,0.235368521348
1878,0.285714285714
1879,0.309924874892
1880,0.0314123846407
1881,0.001
1882,0.13201914546
1883,0.218658956304
1884,0.234161073585
1885,0.185229184657
1886,0.307988052375
1887,0.145330040457
1888,0.001
1889,0.001
1890,0.104544676376
1891,0.147508865576
1892,0.0746386389923
1893,0.276276884861
1894,0.470298007736
1895,0.180811540459
1896,0.001
1897,0.271599579087
1898,0.001
1899,0.653403844183
1900,0.106045654479
1901,0.297494997449
1902,0.380480590828
1903,0.733536659268
1904,0.122314574088
1905,0.441881669062
1906,0.564803160565
1907,0.577889837873
1908,0.550744009101
1909,0.178138839137
1910,0.43761828398
1911,0.334612533374
1912,0.193128769076
1913,0.001
1914,0.001
1915,0.001
1916,0.001
1917,0.0793170927731
1918,0.300647199022
1919,0.453237997094
1920,0.001
1921,0.001
1922,0.456341816228
1923,0.264589402369
1924,0.131532876722
1925,0.176449551462
1926,0.160391161727
1927,0.001
1928,0.201001690221
1929,0.319329064567
1930,0.284556229164
1931,0.569964657243
1932,0.152194658675
1933,0.001
1934,0.001
1935,0.0877874901626
1936,0.0872266027552
1937,0.273490501293
1938,0.429879611133
1939,0.0108044928673
1940,0.254787718064
1941,0.363517708735
1942,0.505697375154
1943,0.486755005486
1944,0.286619441112
1945,0.001
1946,0.354883599506
1947,0.74647136813
1948,0.742877932599
1949,0.709875121414
1950,0.22744529339
1951,0.315018047591
1952,0.464662441514
1953,0.518924100592
1954,0.0527432398156
1955,0.0393465900066
1956,0.001
1957,0.0611574833356
1958,0.001
1959,0.001
1960,0.117445854634
1961,0.316014547976
1962,0.275680109965
1963,0.105935776982
1964,0.160420336001
1965,0.356204256283
1966,0.0926903057777
1967,0.0706787402341
1968,0.147337913351
1969,0.0681780553686
1970,0.131664400614
1971,0.442742091683
1972,0.246707158162
1973,0.398046114807
1974,0.0462299699987
1975,0.410431407666
1976,0.710297223262
1977,0.470099201171
1978,0.505498354948
1979,0.456828793287
1980,0.421950847333
1981,0.682221001493
1982,0.550522467391
1983,0.562345783868
1984,0.503226793493
1985,0.39678991523
1986,0.081155395835
1987,0.208752795875
1988,0.001
1989,0.0187276333853
1990,0.001
1991,0.001
1992,0.001
1993,0.277576319087
1994,0.302091380786
1995,0.346596155817
1996,0.194705755456
1997,0.001
1998,0.001
1999,0.468799251859
2000,0.0652926497545
2001,0.182414809354
2002,0.001
2003,0.122211943226
2004,0.150790887522
2005,0.001
2006,0.172879456614
2007,0.331849728939
2008,0.001
2009,0.001
2010,0.436139566608
2011,0.22345266164
2012,0.422890884538
2013,0.001
2014,0.422459011533
2015,0.238063216244
2016,0.293170546487
2017,0.001
2018,0.653256194468
2019,0.346263535045
2020,0.001
2021,0.151929896597
2022,0.599320355391
2023,0.419278192102
2024,0.129551119823
2025,0.248293829522
2026,0.001
2027,0.001
2028,0.0681780553686
2029,0.001
2030,0.001
2031,0.001
2032,0.110914094947
2033,0.339174986743
2034,0.0746386389923
2035,0.113368934111
2036,0.144851290594
2037,0.233786453018
2038,0.212316051234
2039,0.181788114107
2040,0.156574469994
2041,0.001
2042,0.113642846366
2043,0.181368764829
2044,0.253074843175
2045,0.479493308799
2046,0.27611991897
2047,0.257707403879
2048,0.693118823775
2049,0.661922164431
2050,0.598144278402
2051,0.77512912448
2052,1.4371631827
2053,0.539728142156
2054,0.62262306248
2055,0.300965321422
2056,0.721152944262
2057,0.391223684677
2058,0.504665254819
2059,0.439270704142
2060,0.001
2061,0.0596071335214
2062,0.0576107184401
2063,0.0638558119568
2064,0.001
2065,0.001
2066,0.485564516177
2067,0.788137773111
2068,0.200380097203
2069,0.385984250085
2070,0.240350517014
2071,0.123269980222
2072,0.290381981286
2073,0.0746386389923
2074,0.001
2075,0.0102721161007
2076,0.0993964127091
2077,0.001
2078,0.177081720841
2079,0.50951551337
2080,0.172378298855
2081,0.0977210741549
2082,0.145291778321
2083,0.159373302562
2084,0.26529738899
2085,0.001
2086,0.274416070222
2087,0.406950086058
2088,0.001
2089,0.424113847547
2090,0.482834276126
2091,0.001
2092,0.540055506577
2093,0.331191875465
2094,0.358231248484
2095,0.208546378239
2096,0.001
2097,0.001
2098,0.001
2099,0.001
2100,0.0801296094149
2101,0.001
2102,0.14938237067
2103,0.289694595519
2104,0.170195137465
2105,0.211582907323
2106,0.457550562008
2107,0.001
2108,0.327095418151
2109,0.317850995249
2110,0.255205301132
2111,0.232839449357
2112,0.295963226994
2113,0.148655178177
2114,0.001
2115,0.34785716639
2116,0.371994848723
2117,0.097598314256
2118,0.405759677833
2119,0.550402917681
2120,0.912617156307
2121,0.001
2122,0.236813692198
2123,0.24665686849
2124,0.560412517447
2125,0.186938019891
2126,0.001
2127,0.385179411091
2128,0.410214581438
2129,0.459126617446
2130,0.183245137255
2131,0.0758724703394
2132,0.493342162563
2133,0.123269980222
2134,0.001
2135,0.144852057329
2136,0.247480106854
2137,0.468536253667
2138,0.174800790971
2139,0.0682605382453
2140,0.228284140035
2141,0.001
2142,0.001
2143,0.309952612008
2144,0.001
2145,0.155771528457
2146,0.108247824335
2147,0.2630290925
2148,0.170193759883
2149,0.47044643226
2150,0.333334900329
2151,0.142574419703
2152,0.001
2153,0.314367443789
2154,0.288955358369
2155,0.303721891014
2156,0.108328459025
2157,0.145589408702
2158,0.478158787701
2159,0.47725594727
2160,0.338197231603
2161,0.454710313553
2162,0.0746386389923
2163,0.12717212288
2164,0.001
2165,0.001
2166,0.001
2167,0.001
2168,0.001
2169,0.001
2170,0.252774974779
2171,0.076792504039
2172,0.392502974577
2173,0.596559044929
2174,0.108848577216
2175,0.281897710407
2176,0.227858054438
2177,0.0991577459761
2178,0.123509078411
2179,0.001
2180,0.256553950036
2181,0.168557085987
2182,0.193565803163
2183,0.0611940755024
2184,0.219654760842
2185,0.502911152389
2186,0.217858026014
2187,0.208921781675
2188,0.001
2189,0.001
2190,0.175831969155
2191,0.215326533691
2192,0.293490274128
2193,0.438167410906
2194,0.390144902391
2195,0.724139086105
2196,0.115353045821
2197,0.250764019342
2198,0.12242709867
2199,0.001
2200,0.001
2201,0.001
2202,0.0798086471287
2203,0.223527592562
2204,0.0866970418974
2205,0.0220115655436
2206,0.169460791597
2207,0.001
2208,0.001
2209,0.001
2210,0.201900099398
2211,0.001
2212,0.0039021426585
2213,0.0560748676764
2214,0.001
2215,0.001
2216,0.001
2217,0.104952180825
2218,0.117055891617
2219,0.001
2220,0.17985363078
2221,0.270894891177
2222,0.915335938545
2223,0.142203628351
2224,0.826632620305
2225,0.201529463579
2226,0.001
2227,0.406502450273
2228,0.429846707184
2229,0.208921781675
2230,0.305053099173
2231,0.173533486855
2232,0.001
2233,0.001
2234,0.001
2235,0.001
2236,0.001
2237,0.001
2238,0.181066200445
2239,0.136387139954
2240,0.158560036655
2241,0.676007750468
2242,0.36648486317
2243,0.4327007558
2244,0.440772818028
2245,0.0242388853545
2246,0.192936296668
2247,0.0159385164437
2248,0.169623180023
2249,0.143386042007
2250,0.288140523056
2251,0.41116780951
2252,0.247122974779
2253,0.001
2254,0.001
2255,0.001
2256,0.315342269529
2257,0.477244871184
2258,0.236165806601
2259,0.558472081051
2260,0.175680109965
2261,0.197964725703
2262,0.369235092639
2263,0.26746483912
2264,0.341067286779
2265,0.273605925567
2266,0.341757881966
2267,0.711815928917
2268,0.241404106756
2269,0.001
2270,0.298101405493
2271,0.370869350881
2272,0.377568512075
2273,0.001
2274,0.23078695384
2275,0.102027634031
2276,0.318627536663
2277,0.521702650604
2278,0.210643331814
2279,0.268442940744
2280,0.502786026991
2281,0.001
2282,0.001
2283,0.0233711816587
2284,0.262732540679
2285,0.160531816225
2286,0.45787142202
2287,0.31760312588
2288,0.14610577101
2289,0.644759533744
2290,0.355438846953
2291,0.642311241213
2292,0.305207282851
2293,0.346596155817
2294,0.290353038645
2295,0.233649350062
2296,0.001
2297,0.001
2298,0.0786502240897
2299,0.001
2300,0.188276582045
2301,0.113547709076
2302,0.250600177119
2303,0.764794717658
2304,0.736980472854
2305,0.007804285317
2306,0.610525620979
2307,1.47977916224
2308,0.259402347695
2309,0.599320355391
2310,0.001
2311,0.130332012012
2312,0.133671706638
2313,0.232036766675
2314,0.255176072385
2315,0.001
2316,0.001
2317,0.0757512396114
2318,0.2819449728
2319,0.301359289218
2320,0.129121497732
2321,0.579416601378
2322,0.716450076833
2323,0.596569027397
2324,0.103361942794
2325,0.001
2326,0.00816161859612
2327,0.001
2328,0.204982268847
2329,0.215661534944
2330,0.001
2331,0.001
2332,0.0591863426732
2333,0.0233770205371
2334,0.0761748472932
2335,0.127691011243
2336,0.001
2337,0.001
2338,0.16839069615
2339,0.109122680955
2340,0.319524248774
2341,0.0188326979186
2342,0.288147517339
2343,0.267792842846
2344,0.0665529571739
2345,0.242994604511
2346,0.554461309167
2347,0.848889196833
2348,0.610493812446
2349,0.346212770623
2350,0.754492040564
2351,0.774141226971
2352,0.384622992899
2353,0.676657499885
2354,0.159003546231
2355,0.001
2356,0.001
2357,0.001
2358,0.001
2359,0.918844604165
2360,0.33757852337
2361,0.200196843599
2362,0.296898956242
2363,0.246386389923
2364,0.382979664095
2365,0.625693807276
2366,0.709714741015
2367,0.219418137083
2368,0.517585349508
2369,0.499963340034
2370,0.399719381087
2371,0.167023893123
2372,0.001
2373,0.0993964127091
2374,0.00221382181277
2375,0.33948397298
2376,0.220203893383
2377,0.001
2378,0.33979430757
2379,0.001
2380,0.229967731017
2381,0.532685875678
2382,0.384920649094
2383,0.319524248774
2384,0.0171279968781
2385,0.0947242523797
2386,0.491961065033
2387,0.428899351269
2388,0.190273946859
2389,0.001
2390,0.203172640006
2391,0.162503766206
2392,0.40953155483
2393,0.440572548874
2394,0.270995809834
2395,0.56530834469
2396,0.001
2397,0.135498258288
2398,0.576720470354
2399,0.471243599606
2400,0.261792252783
2401,1.4784368174
2402,0.268082548919
2403,0.179762671427
2404,0.630854291836
2405,0.367773124777
2406,0.254998499481
2407,0.001
2408,0.528367980614
2409,0.548309848563
2410,0.081155395835
2411,0.410941763556
2412,0.001
2413,0.001
2414,0.0446985262015
2415,0.001
2416,0.001
2417,0.001
2418,0.131593153901
2419,0.566171968749
2420,0.265653410099
2421,0.153064068678
2422,0.549738877438
2423,0.50068695862
2424,0.596535781466
2425,0.537354275469
2426,0.53445336103
2427,0.108237993399
2428,0.103678186813
2429,0.639152464804
2430,0.175268125418
2431,0.601991105469
2432,0.0714078243217
2433,0.200849682396
2434,0.154122947404
2435,0.117080536793
2436,0.188536293459
2437,0.27252419357
2438,0.317611528233
2439,0.456581493513
2440,0.607063417259
2441,0.459481265203
2442,0.643293446996
2443,1.08248137906
2444,0.712290567015
2445,0.282605083439
2446,0.714924792884
2447,0.568518283294
2448,0.398036326182
2449,0.591862674793
2450,0.419157878051
2451,0.334931344805
2452,0.457432952867
2453,0.193876492589
2454,0.0039021426585
2455,0.001
2456,0.122199880327
2457,0.208921781675
2458,0.27411788949
2459,0.263960377657
2460,0.001
2461,0.0746386389923
2462,0.001
2463,0.001
2464,0.0482915325607
2465,0.132289148257
2466,0.203949859728
2467,0.322670663935
2468,0.001
2469,0.001
2470,0.122284061755
2471,0.171304603098
2472,0.779796106617
2473,0.109122680955
2474,0.001
2475,0.001
2476,0.761631147061
2477,0.24079718638
2478,0.259820386538
2479,0.288776950696
2480,0.001
2481,0.272221466783
2482,0.300288182539
2483,0.355995806258
2484,0.001
2485,0.0803849525677
2486,0.232809351788
2487,0.230340092313
2488,0.210253092791
2489,0.156916640092
2490,0.076792504039
2491,0.199381749559
2492,0.309022233625
2493,0.227280479665
2494,0.175332358002
2495,0.689959266181
2496,0.722709357637
2497,0.313202227906
2498,0.283451613049
2499,1.56846268461
2500,0.297606215666
2501,0.3718080679
2502,0.0999074890384
2503,0.370175258507
2504,0.647905077517
2505,0.624618485391
2506,0.411843860328
2507,0.512565722642
2508,0.415786259212
2509,0.001
2510,0.16096572843
2511,0.51089420301
2512,0.146732581745
2513,0.234857234279
2514,0.196239763057
2515,0.001
2516,0.001
2517,0.001
2518,0.001
2519,0.001
2520,0.001
2521,0.109699377859
2522,0.0584758587834
2523,0.001
2524,0.0202426163965
2525,0.001
2526,0.127691011243
2527,0.001
2528,0.0560726303122
2529,0.001
2530,0.001
2531,0.488557350545
2532,0.44954448748
2533,0.281398314327
2534,0.280797921501
2535,0.376553164089
2536,0.247675192439
2537,0.001
2538,0.194054123258
2539,0.163518549122
2540,0.001
2541,0.113480917923
2542,0.230699031007
2543,0.64951248597
2544,0.230105360406
2545,0.340886206274
2546,0.809934476185
2547,0.63117767417
2548,0.157213514035
2549,0.538018243382
2550,0.799782112543
2551,0.287425193157
2552,0.423630468418
2553,0.001
2554,0.001
2555,0.286694557473
2556,0.330762463942
2557,0.292030741778
2558,0.001
2559,0.468765265838
2560,0.0039021426585
2561,0.120829108931
2562,0.135928229132
2563,0.001
2564,0.001
2565,0.001
2566,0.001
2567,0.001
2568,0.001
2569,0.001
2570,0.0039021426585
2571,0.001
2572,0.001
2573,0.001
2574,0.453146551555
2575,0.001
2576,0.221860351072
2577,0.0903674764746
2578,0.001
2579,0.076792504039
2580,0.209821899424
2581,0.203907594112
2582,0.001
2583,0.114073246542
2584,0.454814869619
2585,0.0763396739647
2586,0.140330595911
2587,0.149277277985
2588,0.359411961029
2589,0.753123779375
2590,0.375012821601
2591,0.001
2592,0.487345848478
2593,0.190574341661
2594,0.16231079167
2595,0.187298144764
2596,0.662440662739
2597,0.266495927998
2598,0.001
2599,0.001
2600,0.177425118206
2601,0.349409221567
2602,0.421391241746
2603,0.163835541567
2604,0.0928697948687
2605,0.0904644641632
2606,0.336425852953
2607,0.235169712118
2608,0.00559421291335
2609,0.001
2610,0.001
2611,0.001
2612,0.001
2613,0.157577181918
2614,0.832256268253
2615,0.0653586603546
2616,0.001
2617,0.001
2618,0.001
2619,0.001
2620,0.207140582721
2621,0.001
2622,0.0438815863045
2623,0.549793841425
2624,0.189451637615
2625,0.130839561187
2626,0.001
2627,0.0987879618263
2628,0.50479298766
2629,0.342662366409
2630,0.669387846519
2631,0.381725764444
2632,1.7132467253
2633,0.874321792828
2634,0.304706839125
2635,0.238087354106
2636,0.302095888513
2637,0.53549391823
2638,0.547918879796
2639,0.583634271555
2640,0.001
2641,0.0572018564219
2642,0.124313476236
2643,0.653403844183
2644,0.460303948694
2645,0.653403844183
2646,0.673723108989
2647,0.391410069236
2648,0.411231020612
2649,0.001
2650,0.001
2651,0.0295835906811
2652,0.197908619214
2653,0.001
2654,0.001
2655,0.001
2656,0.001
2657,0.001
2658,0.346596155817
2659,0.116813643393
2660,0.126052699969
2661,0.181408488916
2662,0.433237194433
2663,0.169766873756
2664,0.122211943226
2665,0.001
2666,0.426608352488
2667,0.109448191473
2668,0.117362738582
2669,0.133174706738
2670,0.522560474832
2671,0.001
2672,0.347139745764
2673,0.383470193506
2674,0.001
2675,0.001
2676,0.001
2677,0.0967450967949
2678,0.345747566621
2679,0.001
2680,0.372248846697
2681,0.0583676762808
2682,0.0969348451642
2683,0.001
2684,0.001
2685,0.001
2686,0.001
2687,0.001
2688,0.001
2689,0.001
2690,0.001
2691,0.001
2692,0.001
2693,0.169034985987
2694,0.184909271648
2695,0.0498699213594
2696,0.081155395835
2697,0.0435020856078
2698,0.337505687042
2699,0.526446282635
2700,0.0399010803508
2701,0.440792668587
2702,0.260592792245
2703,0.292778900688
2704,0.001
2705,0.560126021884
2706,0.321693412241
2707,0.001
2708,0.132202597574
2709,0.159329478152
2710,0.367374019356
2711,0.20472652648
2712,0.378444426561
2713,0.105149819084
2714,0.0402163444891
2715,0.001
2716,0.001
2717,0.001
2718,0.001
2719,0.001
2720,0.315531473582
2721,0.2583458121
2722,0.263202004381
2723,0.275565194661
2724,0.206654859141
2725,0.218673610062
2726,0.487320543266
2727,0.704422039493
2728,0.404687532652
2729,0.559216178689
2730,0.368295084237
2731,0.322380893456
2732,0.0727947043511
2733,0.001
2734,0.0220115655436
2735,0.280547587419
2736,0.354327302052
2737,0.081014164714
2738,0.001
2739,0.001
2740,0.001
2741,0.001
2742,0.001
2743,0.001
2744,0.228239187665
2745,0.001
2746,0.345983255559
2747,0.325501446901
2748,0.361379253474
2749,0.001
2750,0.611944362691
2751,0.59340909762
2752,0.894042534719
2753,0.908287229553
2754,1.87911646201
2755,0.0231149849993
2756,0.194699160921
2757,0.001
2758,0.001
2759,0.49061028571
2760,0.001
2761,0.224108879182
2762,0.001
2763,0.001
2764,0.001
2765,0.001
2766,0.0839210210872
2767,0.0389506901047
2768,0.175434477666
2769,0.200900067917
2770,0.185687825048
2771,0.163176165617
2772,0.198812666932
2773,0.169253302379
2774,0.481000319603
2775,0.559184812291
2776,0.451675821736
2777,1.21929181681
2778,0.166034696631
2779,0.316214577838
2780,0.001
2781,0.001
2782,0.001
2783,0.0451708784508
2784,0.106674165613
2785,0.001
2786,0.001
2787,0.001
2788,0.001
2789,0.001
2790,0.001
2791,0.0803873359865
2792,0.277230966831
2793,0.28502367951
2794,0.291679911504
2795,0.137966955331
2796,0.165708149396
2797,0.141753573249
2798,0.145221564806
2799,0.439191435134
2800,0.657400657
2801,0.515739351601
2802,0.757131031158
2803,1.14016852524
2804,0.542838310593
2805,0.001
2806,0.0703616515814
2807,0.214622312136
2808,0.136905797239
2809,0.260129805799
2810,0.339426858092
2811,0.162222440858
2812,0.001
2813,0.107569216228
2814,0.403674725916
2815,0.076792504039
2816,0.320878630475
2817,0.473479341451
2818,0.498382750676
2819,1.81172341796
2820,0.458285238866
2821,0.001
2822,0.001
2823,0.0848306286399
2824,0.183761319947
2825,0.436116954777
2826,0.001
2827,0.209147929681
2828,0.11212524587
2829,0.255046613083
2830,0.154336818951
2831,0.204757390018
2832,0.362268359145
2833,0.127691011243
2834,0.076792504039
2835,0.868378664694
2836,0.820834522328
2837,0.772897241236
2838,0.440729451027
2839,0.285025262029
2840,0.001
2841,0.001
2842,0.001
2843,0.188276582045
2844,0.587066423522
2845,0.292884000902
2846,0.0428072156421
2847,0.265774470627
2848,0.249237834017
2849,0.0462622235609
2850,0.137699498467
2851,0.0766191485002
2852,0.621465307446
2853,0.001
2854,0.685313838737
2855,0.357131031158
2856,0.95858773029
2857,1.01085850852
2858,0.081155395835
2859,0.0638372962247
2860,0.001
2861,0.001
2862,0.0208295111983
2863,0.109149574025
2864,0.001
2865,0.001
2866,0.001
2867,0.001
2868,0.001
2869,0.001
2870,0.135494076501
2871,0.001
2872,0.001
2873,0.001
2874,0.001
2875,0.001
2876,0.208921781675
2877,0.001
2878,0.109122680955
2879,0.714949914628
2880,0.379819785888
2881,0.514262062317
2882,0.724256223602
2883,0.348364936819
2884,0.001
2885,0.0155740372917
2886,0.0865824933096
2887,0.0768342722108
2888,0.0557839429674
2889,0.001
2890,0.001
2891,0.001
2892,0.220203893383
2893,0.0596071335214
2894,0.168221991001
2895,0.452596865053
2896,0.746041937793
2897,0.7407192084
2898,0.59975035701
2899,0.419446049559
2900,0.722714049619
2901,1.04195237406
2902,0.188276582045
2903,0.212838427975
2904,0.320287232469
2905,0.001
2906,0.0369035098357
2907,0.001
2908,0.001
2909,0.001
2910,0.0926743781238
2911,0.0529582722149
2912,0.571708700036
2913,0.543282328621
2914,0.418979194344
2915,0.226238739247
2916,0.457647202153
2917,0.123635298064
2918,0.243306854763
2919,0.001
2920,0.191583846731
2921,0.127691011243
2922,0.69717798353
2923,0.001
2924,0.001
2925,0.001
2926,0.149530275697
2927,0.317641774619
2928,0.001
2929,0.0204550443783
2930,0.207139743487
2931,0.001
2932,0.260539270584
2933,0.115461164967
2934,0.14419351529
2935,0.001
2936,0.001
2937,0.001
2938,0.001
2939,0.001
2940,0.0165921159241
2941,0.001
2942,0.001
2943,0.001
2944,0.086716808537
2945,0.001
2946,0.439143342433
2947,0.0745259477195
2948,0.181228239696
2949,0.0764500015566
2950,0.281874816834
2951,0.232036766675
2952,0.272525135706
2953,0.001
2954,0.001
2955,0.001
2956,0.001
2957,0.001
2958,0.001
2959,0.0660901135394
2960,0.001
2961,0.001
2962,0.0758724703394
2963,0.0152789524441
2964,0.481035844827
2965,0.380428128006
2966,0.377390952134
2967,0.378790766486
2968,0.001
2969,0.001
2970,0.0185730707143
2971,0.0905905568207
2972,0.243266065466
2973,0.127691011243
2974,0.146795491081
2975,0.0654006637419
2976,0.001
2977,0.0749918532306
2978,0.001
2979,0.001
2980,0.153276368491
2981,0.336429335289
2982,0.0199338658863
2983,0.001
2984,0.001
