0,0.001
1,0.001
2,0.001
3,0.001
4,0.001
5,0.001
6,0.001
7,0.001
8,0.001
9,0.001
10,0.001
11,0.001
12,0.001
13,0.001
14,0.001
15,0.001
16,0.001
17,0.001
18,0.001
19,0.001
20,0.001
21,0.001
22,0.001
23,0.001
24,0.001
25,0.001
26,0.001
27,0.001
28,0.001
29,0.001
30,0.001
31,0.001
32,0.001
33,0.001
34,0.001
35,0.001
36,0.010664333205
37,0.001
38,0.001
39,0.001
40,0.001
41,0.157815124369
42,0.001
43,0.001
44,0.001
45,0.001
46,0.001
47,0.001
48,0.001
49,0.213959824445
50,0.001
51,0.001
52,0.001
53,0.001
54,0.001
55,0.001
56,0.161968285861
57,0.0749865334823
58,0.001
59,0.001
60,0.001
61,0.001
62,0.001
63,0.001
64,0.001
65,0.001
66,0.001
67,0.052950141136
68,0.001
69,0.001
70,0.001
71,0.001
72,0.001
73,0.001
74,0.001
75,0.001
76,0.001
77,0.001
78,0.001
79,0.001
80,0.001
81,0.001
82,0.001
83,0.001
84,0.001
85,0.001
86,0.001
87,0.001
88,0.001
89,0.001
90,0.001
91,0.001
92,0.001
93,0.001
94,0.001
95,0.001
96,0.001
97,0.001
98,0.001
99,0.001
100,0.001
101,0.001
102,0.001
103,0.001
104,0.001
105,0.001
106,0.001
107,0.0435930135608
108,0.0114100802392
109,0.001
110,0.001
111,0.001
112,0.0425822001354
113,0.001
114,0.0482890108578
115,0.0295933112658
116,0.0186905458952
117,0.001
118,0.001
119,0.001
120,0.001
121,0.001
122,0.001
123,0.001
124,0.001
125,0.001
126,0.001
127,0.001
128,0.0676847978734
129,0.0943944915199
130,0.001
131,0.001
132,0.001
133,0.001
134,0.001
135,0.001
136,0.001
137,0.001
138,0.001
139,0.001
140,0.001
141,0.001
142,0.001
143,0.001
144,0.001
145,0.001
146,0.0763254104482
147,0.001
148,0.001
149,0.0981286379284
150,0.001
151,0.001
152,0.0934622088145
153,0.0622009839152
154,0.001
155,0.001
156,0.001
157,0.0220123524493
158,0.001
159,0.001
160,0.0233646752916
161,0.0264742307835
162,0.001
163,0.001
164,0.001
165,0.001
166,0.001
167,0.001
168,0.001
169,0.001
170,0.001
171,0.001
172,0.001
173,0.001
174,0.001
175,0.001
176,0.001
177,0.14327770758
178,0.105898959323
179,0.121491317783
180,0.0557661436502
181,0.001
182,0.0560645976373
183,0.001
184,0.001
185,0.001
186,0.001
187,0.001
188,0.00467230454873
189,0.001
190,0.001
191,0.001
192,0.001
193,0.001
194,0.0187956956775
195,0.001
196,0.001
197,0.0314770658886
198,0.001
199,0.001
200,0.0204437932749
201,0.001
202,0.001
203,0.001
204,0.409585483498
205,0.163545625795
206,0.0841204936998
207,0.189950763377
208,0.0833590504606
209,0.0389314692551
210,0.0569853061834
211,0.001
212,0.001
213,0.00778544917554
214,0.001
215,0.0249211551399
216,0.001
217,0.001
218,0.001
219,0.001
220,0.001
221,0.001
222,0.001
223,0.00564577348043
224,0.001
225,0.0451643730531
226,0.001
227,0.001
228,0.001
229,0.001
230,0.001
231,0.001
232,0.180438921281
233,0.0998896360733
234,0.001
235,0.001
236,0.0641388071458
237,0.001
238,0.001
239,0.001
240,0.001
241,0.001
242,0.001
243,0.001
244,0.001
245,0.001
246,0.001
247,0.001
248,0.001
249,0.001
250,0.0233522600914
251,0.001
252,0.001
253,0.001
254,0.001
255,0.001
256,0.0681780553686
257,0.116792553371
258,0.213985881965
259,0.001
260,0.126550261099
261,0.162956461113
262,0.138496258638
263,0.001
264,0.001
265,0.001
266,0.0529663901582
267,0.001
268,0.001
269,0.001
270,0.001
271,0.001
272,0.0389385397319
273,0.04717187166
274,0.0264782670034
275,0.001
276,0.001
277,0.001
278,0.001
279,0.0336901964029
280,0.001
281,0.0218023896521
282,0.0239463497755
283,0.001
284,0.001
285,0.001
286,0.0965375132631
287,0.0455797256228
288,0.300119793434
289,0.0414203643055
290,0.191591890882
291,0.0239913650059
292,0.125481389014
293,0.126149999373
294,0.0919013669305
295,0.001
296,0.001
297,0.1052124317
298,0.0583676762808
299,0.001
300,0.001
301,0.001
302,0.001
303,0.001
304,0.0467176224215
305,0.0105450724548
306,0.001
307,0.001
308,0.001
309,0.001
310,0.001
311,0.001
312,0.001
313,0.025190202549
314,0.001
315,0.001
316,0.001
317,0.001
318,0.123479820731
319,0.232075308268
320,0.127827338119
321,0.228966814566
322,0.001
323,0.12561664512
324,0.0912716427207
325,0.0788548653344
326,0.001
327,0.127691011243
328,0.0505708731139
329,0.001
330,0.001
331,0.001
332,0.001
333,0.0404917574314
334,0.001
335,0.001
336,0.001
337,0.001
338,0.001
339,0.001
340,0.001
341,0.0314742017947
342,0.001
343,0.001
344,0.653403844183
345,0.001
346,0.001
347,0.001
348,0.0328550115809
349,0.0481825942003
350,0.189125166489
351,0.253806672313
352,0.001
353,0.211822558439
354,0.141735386878
355,0.21846659593
356,0.281634784245
357,0.316133517072
358,0.246064415809
359,0.268677746892
360,0.247648480578
361,0.0999074890384
362,0.076792504039
363,0.001
364,0.216625475064
365,0.0847406457121
366,0.164943029766
367,0.159373302562
368,0.001
369,0.001
370,0.001
371,0.001
372,0.001
373,0.001
374,0.001
375,0.001
376,0.001
377,0.001
378,0.001
379,0.0124624246234
380,0.0576833050876
381,0.001
382,0.001
383,0.001
384,0.001
385,0.001
386,0.09501023886
387,0.001
388,0.001
389,0.153415687981
390,0.120921693863
391,0.193935670456
392,0.001
393,0.001
394,0.183128415909
395,0.191374824597
396,0.107455814132
397,0.001
398,0.561445442269
399,0.206152526848
400,0.244515597762
401,0.24919256569
402,0.001
403,0.120010006529
404,0.001
405,0.167363368947
406,0.001
407,0.0590272402803
408,0.001
409,0.001
410,0.001
411,0.0871156485056
412,0.001
413,0.001
414,0.001
415,0.001
416,0.001
417,0.001
418,0.047296318918
419,0.0131653803752
420,0.00956051067155
421,0.001
422,0.001
423,0.0702989751695
424,0.001
425,0.102801730592
426,0.117080536793
427,0.27567808644
428,0.001
429,0.159373302562
430,0.269878943056
431,0.135555101712
432,0.211283089634
433,0.252761292958
434,0.191469915775
435,0.001
436,0.001
437,0.285054498431
438,0.264772734501
439,0.001
440,0.225386956494
441,0.131061308592
442,0.0629463155745
443,0.13840163772
444,0.0432407900462
445,0.001
446,0.001
447,0.001
448,0.001
449,0.001
450,0.001
451,0.001
452,0.001
453,0.001
454,0.001
455,0.001
456,0.00622860289044
457,0.001
458,0.001
459,0.001
460,0.001
461,0.001
462,0.001
463,0.001
464,0.12180958751
465,0.19447539287
466,0.355086031264
467,0.001
468,0.001
469,0.235152722187
470,0.220203893383
471,0.177601056346
472,0.262971032025
473,0.0706787402341
474,0.0589354620337
475,0.109122680955
476,0.322383848217
477,0.278712939692
478,0.19738669629
479,0.188276582045
480,0.14014136031
481,0.001
482,0.140519634486
483,0.653403844183
484,0.117080536793
485,0.027198246117
486,0.001
487,0.001
488,0.0498262250082
489,0.001
490,0.001
491,0.001
492,0.001
493,0.001
494,0.0155726727958
495,0.001
496,0.001
497,0.0527849607486
498,0.0847805766139
499,0.001
500,0.0231149849993
501,0.0986181301464
502,0.124617298817
503,0.27254738773
504,0.18337095289
505,0.260554775369
506,0.0652961277168
507,0.219590293133
508,0.118307286904
509,0.001
510,0.0039021426585
511,0.324427398585
512,0.372253851962
513,0.460271857844
514,0.0242388853545
515,0.0308327481393
516,0.0833125151267
517,0.34352084468
518,0.105551778155
519,0.138728201465
520,0.136265486029
521,0.001
522,0.001
523,0.0732107854362
524,0.001
525,0.001
526,0.001
527,0.001
528,0.001
529,0.001
530,0.001
531,0.001
532,0.0690440626278
533,0.0451332258213
534,0.001
535,0.001
536,0.001
537,0.001
538,0.429417074187
539,0.355783508588
540,0.173150845497
541,0.001
542,0.154233004764
543,0.206050388772
544,0.1877147773
545,0.206789598847
546,0.174467752839
547,0.232036766675
548,0.263244706407
549,0.001
550,0.293490826979
551,0.245397048328
552,0.001
553,0.0583676762808
554,0.001
555,0.166417136467
556,0.001
557,0.001
558,0.001
559,0.0856575776811
560,0.0895891485507
561,0.001
562,0.001
563,0.001
564,0.001
565,0.001
566,0.0124593048535
567,0.001
568,0.001
569,0.001
570,0.001
571,0.0840986571449
572,0.0568684343764
573,0.036236519873
574,0.0661148453319
575,0.435641468224
576,0.276093017209
577,0.256804391606
578,0.001
579,0.198576975406
580,0.236412373421
581,0.208909317061
582,0.147618635931
583,0.212860633005
584,0.342235603068
585,0.188439674339
586,0.204000404723
587,0.001
588,0.256381735447
589,0.403181475267
590,0.167157244162
591,0.123429777351
592,0.140133432419
593,0.001
594,0.001
595,0.001
596,0.001
597,0.0763222575334
598,0.001
599,0.001
600,0.001
601,0.001
602,0.0218029639018
603,0.001
604,0.001
605,0.001
606,0.001
607,0.0202475361052
608,0.001
609,0.400679644609
610,0.0217993808718
611,0.001
612,0.001
613,0.0856173972149
614,0.001
615,0.001
616,0.001
617,0.001
618,0.121720724848
619,0.15692985984
620,0.001
621,0.123100877578
622,0.105892228164
623,0.001
624,0.00467130732808
625,0.001
626,0.11994063073
627,0.258527778053
628,0.190027838745
629,0.131560115859
630,0.001
631,0.0974453417145
632,0.001
633,0.0498477418523
634,0.001
635,0.001
636,0.001
637,0.128810578282
638,0.088305062186
639,0.133405770463
640,0.0428072156421
641,0.106553606305
642,0.001
643,0.0294436294478
644,0.001
645,0.001
646,0.0638655644899
647,0.142432923563
648,0.0965734206347
649,0.001
650,0.001
651,0.001
652,0.001
653,0.001
654,0.001
655,0.001
656,0.001
657,0.001
658,0.001
659,0.001
660,0.001
661,0.001
662,0.0513876619372
663,0.0607383865102
664,0.0490525551905
665,0.001
666,0.0844652557348
667,0.001
668,0.160433876748
669,0.001
670,0.0242388853545
671,0.001
672,0.001
673,0.001
674,0.0140173102671
675,0.0544985676015
676,0.001
677,0.0560711319702
678,0.0380658150769
679,0.0652970229629
680,0.188483535952
681,0.344238250578
682,0.001
683,0.0845269829189
684,0.0124612993385
685,0.0436244382914
686,0.375355141743
687,0.211230801696
688,0.189695351838
689,0.0152789524441
690,0.0242388853545
691,0.103811359783
692,0.240093942576
693,0.150842035692
694,0.214493909639
695,0.237303400182
696,0.188276582045
697,0.104367853478
698,0.258668327441
699,0.0747551800225
700,0.164990411883
701,0.001
702,0.0758262264509
703,0.001
704,0.001
705,0.001
706,0.001
707,0.204982268847
708,0.001
709,0.001
710,0.001
711,0.0295844867203
712,0.040497067263
713,0.001
714,0.001
715,0.001
716,0.001
717,0.0463396524207
718,0.155586739173
719,0.104097330989
720,0.0468852965834
721,0.001
722,0.001
723,0.158864784804
724,0.001
725,0.001
726,0.001
727,0.001
728,0.001
729,0.001
730,0.0903455729591
731,0.184721047556
732,0.001
733,0.178822026764
734,0.147508865576
735,0.127691011243
736,0.199661409142
737,0.0567189157891
738,0.115957096311
739,0.001
740,0.240806037411
741,0.001
742,0.001
743,0.0669730614166
744,0.001
745,0.200879318995
746,0.42443674269
747,0.230099628894
748,0.295939880088
749,0.001
750,0.263211334719
751,0.121472609548
752,0.137592824827
753,0.193532429182
754,0.168755136491
755,0.001
756,0.174035051701
757,0.0039021426585
758,0.157896872542
759,0.0596071335214
760,0.0740969462354
761,0.0415452405663
762,0.001
763,0.001
764,0.001
765,0.001
766,0.001
767,0.001
768,0.0471099469676
769,0.001
770,0.001
771,0.001
772,0.07088454166
773,0.0903346932743
774,0.157982955532
775,0.112591351829
776,0.001
777,0.0993964127091
778,0.001
779,0.211177220327
780,0.001
781,0.159373302562
782,0.001
783,0.001
784,0.001
785,0.001
786,0.0994974578262
787,0.0856144312842
788,0.154841462873
789,0.218025871058
790,0.252303859233
791,0.122211943226
792,0.182198572361
793,0.208921781675
794,0.272580784538
795,0.244771548035
796,0.300079947268
797,0.150398418059
798,0.001
799,0.112135227395
800,0.237544327881
801,0.567740958689
802,0.436087212974
803,0.001
804,0.296679528686
805,0.244534414488
806,0.176930875167
807,0.0443056214347
808,0.001
809,0.278180794831
810,0.218055326461
811,0.165090160053
812,0.300861062816
813,0.252330485467
814,0.001
815,0.174428627272
816,0.132874598688
817,0.001
818,0.001
819,0.0199111815633
820,0.001
821,0.0063257210234
822,0.001
823,0.0513937625565
824,0.001
825,0.001
826,0.001
827,0.001
828,0.001
829,0.001
830,0.001
831,0.105920257734
832,0.001
833,0.001
834,0.001
835,0.001
836,0.113712680755
837,0.194657596447
838,0.358247893476
839,0.198400553793
840,0.210133935552
841,0.204982268847
842,0.001
843,0.001
844,0.001
845,0.001
846,0.319257467016
847,0.17733802654
848,0.158391774603
849,0.209050013307
850,0.264907929006
851,0.18789158543
852,0.105929915568
853,0.0743987399049
854,0.229221154202
855,0.606120145395
856,0.287762197849
857,0.129904197907
858,0.168220067208
859,0.22976400889
860,0.127537440722
861,0.376917299947
862,0.222666392931
863,0.186231629296
864,0.171021645158
865,0.278822810007
866,0.39719836372
867,0.258535995609
868,0.366252634187
869,0.336416343743
870,0.526847969521
871,0.001
872,0.001
873,0.178015570564
874,0.202509348233
875,0.235048784204
876,0.162926317463
877,0.0823446756807
878,0.001
879,0.001
880,0.0202470154113
881,0.001
882,0.001
883,0.001
884,0.001
885,0.001
886,0.001
887,0.001
888,0.001
889,0.001
890,0.001
891,0.001
892,0.096564455719
893,0.0554931063691
894,0.001
895,0.001
896,0.001
897,0.001
898,0.001
899,0.001
900,0.0772544735642
901,0.001
902,0.001
903,0.001
904,0.0856551303817
905,0.121065512327
906,0.001
907,0.001
908,0.0257898052744
909,0.110475303867
910,0.188493432707
911,0.225829726172
912,0.245652368001
913,0.31176104488
914,0.0543281084211
915,0.368440417235
916,0.159373302562
917,0.53693319186
918,0.241310956875
919,0.001
920,0.001
921,0.211826147644
922,0.122211943226
923,0.34865017027
924,0.255498406254
925,0.222561252046
926,0.169792123319
927,0.001
928,0.269462134861
929,0.251903443675
930,0.206534530898
931,0.197908619214
932,0.511341110134
933,0.366048236605
934,0.001
935,0.202473836141
936,0.204042120232
937,0.166667900005
938,0.229242465435
939,0.001
940,0.001
941,0.001
942,0.001
943,0.001
944,0.001
945,0.001
946,0.001
947,0.001
948,0.001
949,0.001
950,0.001
951,0.0402822428675
952,0.0606108254611
953,0.001
954,0.253064068678
955,0.001
956,0.001
957,0.001
958,0.001
959,0.143160692748
960,0.0816207879747
961,0.167013960232
962,0.075370849069
963,0.0732064491478
964,0.0717472621536
965,0.0893185022925
966,0.020611104907
967,0.0408953513141
968,0.001
969,0.001
970,0.001
971,0.0305579048883
972,0.278972129415
973,0.001
974,0.0660991744175
975,0.262944937988
976,0.113969691918
977,0.26790015765
978,0.244351539721
979,0.275258302219
980,0.204412315641
981,0.001
982,0.180382095133
983,0.405907783952
984,0.137735144509
985,0.0893029975076
986,0.0803350871173
987,0.288742567674
988,0.319524248774
989,0.001
990,0.30997366257
991,0.333444287583
992,0.260779569526
993,0.001
994,0.297490825322
995,0.001
996,0.337939738057
997,0.211092748803
998,0.117080536793
999,0.001
1000,0.250230161253
1001,0.172169307799
1002,0.144328580578
1003,0.001
1004,0.140403092512
1005,0.001
1006,0.001
1007,0.0124607774656
1008,0.001
1009,0.001
1010,0.001
1011,0.001
1012,0.001
1013,0.001
1014,0.001
1015,0.001
1016,0.0456736259262
1017,0.001
1018,0.001
1019,0.001
1020,0.001
1021,0.001
1022,0.001
1023,0.001
1024,0.001
1025,0.218503962757
1026,0.486377987537
1027,0.159854867125
1028,0.162540371047
1029,0.001
1030,0.001
1031,0.148907368753
1032,0.39719836372
1033,0.001
1034,0.001
1035,0.123269980222
1036,0.351995786161
1037,0.13336156631
1038,0.271939730811
1039,0.0768458336868
1040,0.322429422054
1041,0.264772063193
1042,0.182499534364
1043,0.0744255007358
1044,0.212563446843
1045,0.281919752766
1046,0.235819342879
1047,0.143656464208
1048,0.278447520645
1049,0.151802360571
1050,0.16567071001
1051,0.001
1052,0.277228534999
1053,0.239078899075
1054,0.307597564944
1055,0.51908721865
1056,0.355098302365
1057,0.367215885678
1058,0.367522639895
1059,0.001
1060,0.171353760332
1061,0.261156474308
1062,0.081155395835
1063,0.460271857844
1064,0.13548969138
1065,0.235014614434
1066,0.001
1067,0.001
1068,0.255356835324
1069,0.001
1070,0.001
1071,0.001
1072,0.001
1073,0.001
1074,0.001
1075,0.001
1076,0.001
1077,0.00934865876755
1078,0.001
1079,0.001
1080,0.001
1081,0.00778896271039
1082,0.001
1083,0.001
1084,0.0429083930923
1085,0.065906013619
1086,0.001
1087,0.001
1088,0.052955937678
1089,0.0499038198129
1090,0.205576262482
1091,0.17048637986
1092,0.161835557302
1093,0.136402693343
1094,0.163394376464
1095,0.001
1096,0.0626820873915
1097,0.188276582045
1098,0.19151792093
1099,0.210761393867
1100,0.0680818870957
1101,0.001
1102,0.001
1103,0.001
1104,0.001
1105,0.220203893383
1106,0.001
1107,0.216110635697
1108,0.245822292039
1109,0.154160770757
1110,0.117080536793
1111,0.109122680955
1112,0.282575161215
1113,0.001
1114,0.376925037881
1115,0.29127154402
1116,0.0557186888043
1117,0.151753640937
1118,0.001
1119,0.001
1120,0.001
1121,0.250442103102
1122,0.155482270667
1123,0.17629689093
1124,0.265103388939
1125,0.22374074222
1126,0.275705655851
1127,0.058065438409
1128,0.233738285344
1129,0.263228761209
1130,0.321240649378
1131,0.220203893383
1132,0.001
1133,0.22625874587
1134,0.158677441974
1135,0.001
1136,0.001
1137,0.0223305868998
1138,0.001
1139,0.0353581718308
1140,0.103097046688
1141,0.001
1142,0.001
1143,0.0280286904518
1144,0.001
1145,0.001
1146,0.00883237878571
1147,0.001
1148,0.001
1149,0.001
1150,0.001
1151,0.001
1152,0.001
1153,0.107403958877
1154,0.001
1155,0.001
1156,0.001
1157,0.0834459050336
1158,0.001
1159,0.36756572752
1160,0.076532034339
1161,0.695256000602
1162,0.360219677131
1163,0.001
1164,0.001
1165,0.155782720781
1166,0.001
1167,0.255382022485
1168,0.230538888024
1169,0.357665655759
1170,0.20381311629
1171,0.001
1172,0.0482859424341
1173,0.104627491984
1174,0.264948878338
1175,0.208921781675
1176,0.152628146065
1177,0.001
1178,0.0368401122179
1179,0.0392069867043
1180,0.272794704351
1181,0.2596633952
1182,0.308409804238
1183,0.232082957126
1184,0.001
1185,0.169756194226
1186,0.001
1187,0.001
1188,0.001
1189,0.001
1190,0.186013769941
1191,0.252314073026
1192,0.267604251247
1193,0.26075668219
1194,0.158484657868
1195,0.370645648561
1196,0.001
1197,0.169768187805
1198,0.0583676762808
1199,0.227810526085
1200,0.001
1201,0.105925165791
1202,0.21824536191
1203,0.0584446792577
1204,0.001
1205,0.001
1206,0.0529465013535
1207,0.227295017425
1208,0.301359289218
1209,0.0416877071432
1210,0.0915226950929
1211,0.0418809162466
1212,0.001
1213,0.001
1214,0.001
1215,0.001
1216,0.001
1217,0.0108940969075
1218,0.001
1219,0.001
1220,0.001
1221,0.0934663829854
1222,0.001
1223,0.001
1224,0.001
1225,0.001
1226,0.001
1227,0.308389519197
1228,0.340240364508
1229,0.3816212708
1230,0.322403202634
1231,0.266343803524
1232,0.380954722409
1233,0.321954011615
1234,0.0302693318068
1235,0.313067173078
1236,0.290094120542
1237,0.001
1238,0.220203893383
1239,0.17912868719
1240,0.001
1241,0.001
1242,0.0591738865027
1243,0.198936143777
1244,0.377248908141
1245,0.202049669469
1246,0.0874502067367
1247,0.249177962026
1248,0.0596071335214
1249,0.100556907364
1250,0.0159385164437
1251,0.001
1252,0.34483880719
1253,0.001
1254,0.001
1255,0.310113450387
1256,0.228916324191
1257,0.0793163539921
1258,0.224247144609
1259,0.0979665187598
1260,0.0824429243093
1261,0.224319890035
1262,0.276831255411
1263,0.0999074890384
1264,0.0600284305231
1265,0.015062672607
1266,0.0304082746848
1267,0.0591821383269
1268,0.0221342706267
1269,0.001
1270,0.0918910937909
1271,0.001
1272,0.001
1273,0.0971973989101
1274,0.0399010803508
1275,0.0462816973935
1276,0.001
1277,0.106239798096
1278,0.0768240648749
1279,0.001
1280,0.001
1281,0.001
1282,0.001
1283,0.001
1284,0.001
1285,0.001
1286,0.001
1287,0.001
1288,0.0427284369369
1289,0.001
1290,0.001
1291,0.0553175292343
1292,0.00982164905158
1293,0.001
1294,0.261672199708
1295,0.137066693046
1296,0.256193971511
1297,0.293176917062
1298,0.219827451897
1299,0.430399631494
1300,0.001
1301,0.306274842798
1302,0.206271421249
1303,0.001
1304,0.154794262531
1305,0.322673190845
1306,0.001
1307,0.276942637702
1308,0.429612989945
1309,0.0467093583006
1310,0.001
1311,0.001
1312,0.145508810336
1313,0.13015446968
1314,0.34885301645
1315,0.0638131532314
1316,0.001
1317,0.001
1318,0.0537308537646
1319,0.152467075342
1320,0.0467093583006
1321,0.120390199673
1322,0.174216416049
1323,0.183654301697
1324,0.131593153901
1325,0.278742722575
1326,0.197459994194
1327,0.001
1328,0.317467144592
1329,0.20247065554
1330,0.001
1331,0.238301890446
1332,0.001
1333,0.001
1334,0.001
1335,0.048334153771
1336,0.001
1337,0.001
1338,0.118385757226
1339,0.088091723502
1340,0.106496309749
1341,0.183900268363
1342,0.17444656327
1343,0.126869433877
1344,0.001
1345,0.24498441705
1346,0.001
1347,0.001
1348,0.076792504039
1349,0.001
1350,0.001
1351,0.001
1352,0.0171280214551
1353,0.001
1354,0.001
1355,0.001
1356,0.001
1357,0.001
1358,0.001
1359,0.001
1360,0.0333005696433
1361,0.0788535421035
1362,0.00831082153337
1363,0.00934254746675
1364,0.147947108592
1365,0.289693775473
1366,0.0569853061834
1367,0.0972067432434
1368,0.181263623257
1369,0.283480045641
1370,0.411393407646
1371,0.184042754672
1372,0.323484283001
1373,0.319524248774
1374,0.001
1375,0.279357487243
1376,0.20632049773
1377,0.222711037167
1378,0.208921781675
1379,0.001
1380,0.001
1381,0.001
1382,0.001
1383,0.056067882433
1384,0.0685283331833
1385,0.147508865576
1386,0.001
1387,0.0669708360964
1388,0.089282356069
1389,0.42503667711
1390,0.001
1391,0.0467093583006
1392,0.001
1393,0.146401447949
1394,0.210578479273
1395,0.337812510855
1396,0.001
1397,0.186324871924
1398,0.204836200007
1399,0.237789113222
1400,0.174306051677
1401,0.001
1402,0.232036766675
1403,0.001
1404,0.001
1405,0.001
1406,0.0840897673838
1407,0.100272527273
1408,0.0393172090727
1409,0.001
1410,0.0642085351568
1411,0.0947366385465
1412,0.250960991464
1413,0.001
1414,0.0623022972546
1415,0.001
1416,0.230895420195
1417,0.278747089484
1418,0.001
1419,0.001
1420,0.001
1421,0.0341351128049
1422,0.001
1423,0.001
1424,0.0373826961261
1425,0.001
1426,0.001
1427,0.001
1428,0.001
1429,0.0224727288698
1430,0.001
1431,0.001
1432,0.001
1433,0.001
1434,0.0280076903266
1435,0.001
1436,0.0340544816952
1437,0.153283823673
1438,0.127691011243
1439,0.047230905844
1440,0.283972020681
1441,0.0885916605751
1442,0.247504883472
1443,0.321216390492
1444,0.001
1445,0.38006529883
1446,0.159521838526
1447,0.001
1448,0.194758474807
1449,0.347185897199
1450,0.334855874453
1451,0.193125146248
1452,0.172567765481
1453,0.001
1454,0.0576204215396
1455,0.108209248384
1456,0.203447697236
1457,0.001
1458,0.001
1459,0.112144479269
1460,0.156459189729
1461,0.279051246779
1462,0.090341687948
1463,0.001
1464,0.147944448658
1465,0.001
1466,0.411683212089
1467,0.198316970453
1468,0.001
1469,0.001
1470,0.227402369259
1471,0.169524577988
1472,0.130142838444
1473,0.166077195864
1474,0.240131417983
1475,0.0838460188758
1476,0.380682204015
1477,0.0343226294969
1478,0.141410187646
1479,0.001
1480,0.001
1481,0.204982268847
1482,0.0654216138474
1483,0.001
1484,0.001
1485,0.0747724860659
1486,0.0981423239279
1487,0.001
1488,0.0513987495244
1489,0.001
1490,0.001
1491,0.001
1492,0.001
1493,0.001
1494,0.081155395835
1495,0.001
1496,0.156002619883
1497,0.001
1498,0.001
1499,0.019877788901
1500,0.001
1501,0.0242388853545
1502,0.001
1503,0.001
1504,0.001
1505,0.001
1506,0.001
1507,0.001
1508,0.001
1509,0.001
1510,0.001
1511,0.001
1512,0.001
1513,0.001
1514,0.001
1515,0.001
1516,0.0655454402016
1517,0.123903032087
1518,0.001
1519,0.143860445817
1520,0.13725551866
1521,0.001
1522,0.001
1523,0.0840997100438
1524,0.001
1525,0.001
1526,0.001
1527,0.001
1528,0.001
1529,0.0202480994987
1530,0.208921781675
1531,0.208921781675
1532,0.001
1533,0.001
1534,0.001
1535,0.230512318079
1536,0.233615412393
1537,0.10927912901
1538,0.001
1539,0.0725378698004
1540,0.0039021426585
1541,0.37530774347
1542,0.172857156982
1543,0.0997131977587
1544,0.0039021426585
1545,0.0670461009966
1546,0.246675786805
1547,0.168645258994
1548,0.309119770573
1549,0.376919727115
1550,0.242639650123
1551,0.171342524069
1552,0.0153141844384
1553,0.001
1554,0.001
1555,0.001
1556,0.001
1557,0.0848947375701
1558,0.0735379228034
1559,0.117080536793
1560,0.0887859425978
1561,0.001
1562,0.0295642021663
1563,0.001
1564,0.111323383354
1565,0.001
1566,0.001
1567,0.0509205710257
1568,0.001
1569,0.0956340163074
1570,0.001
1571,0.0684660489039
1572,0.001
1573,0.001
1574,0.001
1575,0.001
1576,0.05606794688
1577,0.001
1578,0.001
1579,0.00876312757776
1580,0.001
1581,0.001
1582,0.001
1583,0.001
1584,0.001
1585,0.001
1586,0.001
1587,0.0355298781272
1588,0.00976443565735
1589,0.133168467251
1590,0.0860051341441
1591,0.001
1592,0.255452357956
1593,0.208921781675
1594,0.0869746983407
1595,0.161481194032
1596,0.001
1597,0.00705947580703
1598,0.05040312616
1599,0.123269980222
1600,0.255282167874
1601,0.381934670342
1602,0.162925237132
1603,0.0482821103501
1604,0.0144985404149
1605,0.0373731796861
1606,0.139063194667
1607,0.001
1608,0.0467277654027
1609,0.001
1610,0.0171336009439
1611,0.001
1612,0.0926842467739
1613,0.0856144312842
1614,0.001
1615,0.0401670097627
1616,0.310322724047
1617,0.206815095976
1618,0.653403844183
1619,0.198594364306
1620,0.001
1621,0.001
1622,0.141737688192
1623,0.081155395835
1624,0.539728142156
1625,0.339580560742
1626,0.271892946444
1627,0.0753504774726
1628,0.001
1629,0.001
1630,0.0560712962711
1631,0.0740143971012
1632,0.116201187663
1633,0.234547005189
1634,0.001
1635,0.001
1636,0.001
1637,0.001
1638,0.001
1639,0.257515752735
1640,0.0918556367033
1641,0.001
1642,0.0345405355669
1643,0.0742796661646
1644,0.001
1645,0.001
1646,0.167811740072
1647,0.158075337415
1648,0.001
1649,0.001
1650,0.0620225233919
1651,0.0958654441987
1652,0.001
1653,0.001
1654,0.001
1655,0.076792504039
1656,0.001
1657,0.001
1658,0.0358161321298
1659,0.001
1660,0.0204355757345
1661,0.001
1662,0.001
1663,0.001
1664,0.001
1665,0.0937635179825
1666,0.167447872436
1667,0.21183020886
1668,0.001
1669,0.185780129633
1670,0.102214219462
1671,0.177701978916
1672,0.193201882668
1673,0.180089343409
1674,0.169775135205
1675,0.116350631813
1676,0.0450948104561
1677,0.001
1678,0.188276582045
1679,0.0623798002246
1680,0.183005941761
1681,0.0105952961499
1682,0.0674271383595
1683,0.001
1684,0.145748984723
1685,0.098269149885
1686,0.001
1687,0.0736908913114
1688,0.270681149262
1689,0.257161396341
1690,0.001
1691,0.001
1692,0.001
1693,0.142516237396
1694,0.240479871633
1695,0.131935724641
1696,0.143473444585
1697,0.210276794029
1698,0.174549004341
1699,0.123116409701
1700,0.276344732042
1701,0.393566512844
1702,0.200926879341
1703,0.040413456116
1704,0.001
1705,0.107475218427
1706,0.001
1707,0.001
1708,0.001
1709,0.368295084237
1710,0.115069152566
1711,0.001
1712,0.653403844183
1713,0.194332200794
1714,0.117192799872
1715,0.0904402336687
1716,0.001
1717,0.202973288322
1718,0.0428072156421
1719,0.0903373310303
1720,0.0220048810619
1721,0.0962041697703
1722,0.156010097557
1723,0.001
1724,0.342547238495
1725,0.001
1726,0.001
1727,0.001
1728,0.001
1729,0.0780321714258
1730,0.001
1731,0.001
1732,0.0211802586404
1733,0.001
1734,0.001
1735,0.001
1736,0.001
1737,0.001
1738,0.16512861493
1739,0.155065622864
1740,0.0428072156421
1741,0.344199968569
1742,0.39558461176
1743,0.283465922329
1744,0.202476355373
1745,0.246199970772
1746,0.316309186659
1747,0.239534881498
1748,0.0620903463277
1749,0.250730139238
1750,0.205618252502
1751,0.123242173548
1752,0.201110154614
1753,0.001
1754,0.211156901708
1755,0.300213222748
1756,0.0419387469483
1757,0.307376662857
1758,0.001
1759,0.0841147105205
1760,0.001
1761,0.0731552146384
1762,0.019984944626
1763,0.001
1764,0.001
1765,0.001
1766,0.186939745316
1767,0.001
1768,0.001
1769,0.0289858395626
1770,0.103117220118
1771,0.001
1772,0.248008140627
1773,0.0883009763398
1774,0.301359289218
1775,0.298113403056
1776,0.381539808794
1777,0.405417747085
1778,0.156200435266
1779,0.0410096803384
1780,0.0765975083229
1781,0.118377377137
1782,0.001
1783,0.159373302562
1784,0.001
1785,0.142126921965
1786,0.0741838281766
1787,0.001
1788,0.001
1789,0.001
1790,0.001
1791,0.001
1792,0.0919048505956
1793,0.0763277395876
1794,0.001
1795,0.15162927607
1796,0.0965700947725
1797,0.0981054786254
1798,0.141221071615
1799,0.0349821934965
1800,0.001
1801,0.0722699543285
1802,0.001
1803,0.001
1804,0.001
1805,0.001
1806,0.122211943226
1807,0.0545635152998
1808,0.128727492856
1809,0.001
1810,0.0545122853223
1811,0.001
1812,0.0143618476136
1813,0.001
1814,0.001
1815,0.161957755433
1816,0.19138571578
1817,0.3146077545
1818,0.197037539105
1819,0.122211943226
1820,0.240987998912
1821,0.0752946743683
1822,0.001
1823,0.156668566203
1824,0.001
1825,0.122211943226
1826,0.162540371047
1827,0.177545171892
1828,0.206955530726
1829,0.0620994456987
1830,0.001
1831,0.1152116577
1832,0.0250747662325
1833,0.110428496202
1834,0.0609969677336
1835,0.0109017896439
1836,0.001
1837,0.001
1838,0.001
1839,0.001
1840,0.001
1841,0.001
1842,0.001
1843,0.001
1844,0.139268230025
1845,0.202497324004
1846,0.0429263608973
1847,0.135994677958
1848,0.110602873807
1849,0.001
1850,0.001
1851,0.183958635411
1852,0.156969484077
1853,0.264792312914
1854,0.076792504039
1855,0.001
1856,0.001
1857,0.001
1858,0.001
1859,0.001
1860,0.001
1861,0.0950164978761
1862,0.001
1863,0.001
1864,0.101243019406
1865,0.107557494807
1866,0.0981485853546
1867,0.001
1868,0.0747573058993
1869,0.180693124505
1870,0.115400234987
1871,0.108234687649
1872,0.0794400906493
1873,0.0358534214927
1874,0.0865316987692
1875,0.133776965098
1876,0.0734833368339
1877,0.159373302562
1878,0.001
1879,0.0794339394873
1880,0.001
1881,0.001
1882,0.0750992285363
1883,0.001
1884,0.130841780227
1885,0.001
1886,0.001
1887,0.001
1888,0.001
1889,0.001
1890,0.0772402849997
1891,0.001
1892,0.0039021426585
1893,0.0430107881749
1894,0.15273573972
1895,0.202456745762
1896,0.194969154508
1897,0.001
1898,0.306760241117
1899,0.17728025614
1900,0.182474359353
1901,0.0977561206734
1902,0.197130184151
1903,0.239881135274
1904,0.126988422042
1905,0.132202597574
1906,0.148935781558
1907,0.001
1908,0.001
1909,0.0484777707089
1910,0.001
1911,0.001
1912,0.139487561943
1913,0.001
1914,0.001
1915,0.001
1916,0.001
1917,0.0580146027769
1918,0.0865009921873
1919,0.001
1920,0.001
1921,0.001
1922,0.171561786709
1923,0.001
1924,0.159600012587
1925,0.125572374095
1926,0.001
1927,0.07460113353
1928,0.0793688823409
1929,0.123269980222
1930,0.218096084749
1931,0.001
1932,0.001
1933,0.001
1934,0.0109007134345
1935,0.001
1936,0.0233324075283
1937,0.160324376067
1938,0.182681055325
1939,0.001
1940,0.149600027162
1941,0.001
1942,0.220822277788
1943,0.149529712321
1944,0.141729391921
1945,0.0655574865445
1946,0.161975007264
1947,0.206983078207
1948,0.001
1949,0.258540915498
1950,0.103050371368
1951,0.001
1952,0.081155395835
1953,0.001
1954,0.001
1955,0.001
1956,0.001
1957,0.001
1958,0.001
1959,0.362736291032
1960,0.133954910155
1961,0.132715209572
1962,0.001
1963,0.0724486975056
1964,0.0476518820267
1965,0.001
1966,0.001
1967,0.001
1968,0.001
1969,0.109486403031
1970,0.001
1971,0.135595855616
1972,0.253575115179
1973,0.190271304984
1974,0.236183441256
1975,0.22086323436
1976,0.323985507579
1977,0.162540371047
1978,0.199742409163
1979,0.223376538224
1980,0.389627794999
1981,0.0357319451606
1982,0.0768555706032
1983,0.20402966048
1984,0.0039021426585
1985,0.001
1986,0.137632541246
1987,0.114043084805
1988,0.001
1989,0.001
1990,0.001
1991,0.0420325643762
1992,0.001
1993,0.0591006750968
1994,0.0231149849993
1995,0.104351986176
1996,0.001
1997,0.001
1998,0.001
1999,0.518635632927
2000,0.131514448705
2001,0.0716503019888
2002,0.001
2003,0.0863092196692
2004,0.073012590068
2005,0.001
2006,0.118140632596
2007,0.163768315332
2008,0.001
2009,0.0152789524441
2010,0.148815767329
2011,0.001
2012,0.144841479387
2013,0.0609982370874
2014,0.001
2015,0.001
2016,0.158972275224
2017,0.200902149314
2018,0.182686271434
2019,0.127691011243
2020,0.183777111913
2021,0.305527993487
2022,0.241341386835
2023,0.206945047198
2024,0.810912887144
2025,0.124014109662
2026,0.001
2027,0.001
2028,0.0573784287293
2029,0.001
2030,0.001
2031,0.001
2032,0.001
2033,0.118386499393
2034,0.0961164915813
2035,0.0399904218794
2036,0.001
2037,0.066243762327
2038,0.099415509775
2039,0.001
2040,0.0700915856584
2041,0.0825590455041
2042,0.001
2043,0.0486377230007
2044,0.0658029649063
2045,0.153445492671
2046,0.001
2047,0.131361887747
2048,0.300600333162
2049,0.266831532749
2050,0.216486926804
2051,0.294358225752
2052,0.324307492585
2053,0.191536143532
2054,0.281916979729
2055,0.130820572841
2056,0.001
2057,0.180658904587
2058,0.0428072156421
2059,0.0879017320549
2060,0.0365509682049
2061,0.0600201148511
2062,0.001
2063,0.001
2064,0.001
2065,0.101222598824
2066,0.0657322637105
2067,0.140163860736
2068,0.0436448763664
2069,0.140197406037
2070,0.0311437816411
2071,0.154219845441
2072,0.0242388853545
2073,0.0834932759899
2074,0.0158030422886
2075,0.001
2076,0.0443056214347
2077,0.0924879266492
2078,0.0199338658863
2079,0.341119754206
2080,0.137064502382
2081,0.001
2082,0.096562924564
2083,0.171348006865
2084,0.145408415769
2085,0.001
2086,0.118378748637
2087,0.197826386937
2088,0.001
2089,0.151290841175
2090,0.001
2091,0.001
2092,0.157405874409
2093,0.144227035546
2094,0.177574055021
2095,0.162540371047
2096,0.135140454499
2097,0.001
2098,0.001
2099,0.653403844183
2100,0.0498443279967
2101,0.001
2102,0.130831330437
2103,0.160014499758
2104,0.001
2105,0.001
2106,0.208701873577
2107,0.001
2108,0.103804235097
2109,0.0391511859619
2110,0.13372400498
2111,0.076792504039
2112,0.212391688779
2113,0.126589889452
2114,0.149512270109
2115,0.0596071335214
2116,0.242970817393
2117,0.19490501794
2118,0.172960075107
2119,0.217367595036
2120,0.0988458377544
2121,0.001
2122,0.338465369971
2123,0.185010843993
2124,0.230488864813
2125,0.0899682908761
2126,0.001
2127,0.001
2128,0.001
2129,0.0762806096106
2130,0.0948930000783
2131,0.0840916066249
2132,0.208921781675
2133,0.0809861584803
2134,0.001
2135,0.0772363824487
2136,0.001
2137,0.187298144764
2138,0.144847185569
2139,0.0551800327949
2140,0.134406533889
2141,0.001
2142,0.0985887965896
2143,0.442850746431
2144,0.135230217129
2145,0.001
2146,0.001
2147,0.109122680955
2148,0.0717978804695
2149,0.0305579048883
2150,0.18109992605
2151,0.0887901119302
2152,0.001
2153,0.001
2154,0.0453688346276
2155,0.001
2156,0.175705172308
2157,0.432700468498
2158,0.185847815181
2159,0.22149812345
2160,0.20172667149
2161,0.235175943527
2162,0.182584291335
2163,0.116814507929
2164,0.001
2165,0.001
2166,0.001
2167,0.001
2168,0.001
2169,0.151402443206
2170,0.001
2171,0.121367095137
2172,0.0361898174895
2173,0.164499049187
2174,0.110462566253
2175,0.0987264097484
2176,0.001
2177,0.0660633498001
2178,0.0938787958545
2179,0.001
2180,0.001
2181,0.001
2182,0.001
2183,0.117080536793
2184,0.001
2185,0.135435655768
2186,0.168198988793
2187,0.001
2188,0.0254075575275
2189,0.145941297476
2190,0.001
2191,0.113697259316
2192,0.19899045246
2193,0.202501572743
2194,0.15735655925
2195,0.286548597398
2196,0.0421233141965
2197,0.123052095648
2198,0.001
2199,0.0320479680218
2200,0.001
2201,0.001
2202,0.001
2203,0.001
2204,0.0622879591607
2205,0.001
2206,0.147508865576
2207,0.001
2208,0.0763128548779
2209,0.0887696020188
2210,0.001
2211,0.001
2212,0.0693381452747
2213,0.001
2214,0.001
2215,0.0887736981354
2216,0.001
2217,0.0812935677879
2218,0.001
2219,0.001
2220,0.103904793952
2221,0.0796241714828
2222,0.0428072156421
2223,0.0717853111699
2224,0.001
2225,0.0377316324749
2226,1.01816495956
2227,0.202060851954
2228,0.325011730663
2229,0.289703631126
2230,0.15309882427
2231,0.117973235195
2232,0.001
2233,0.001
2234,0.001
2235,0.001
2236,0.001
2237,0.0672774232175
2238,0.0840026669105
2239,0.124645311865
2240,0.001
2241,0.0543281084211
2242,0.186902488478
2243,0.123051375831
2244,0.118289277376
2245,0.001
2246,0.001
2247,0.001
2248,0.001
2249,0.001
2250,0.001
2251,0.0849164026372
2252,0.109036591765
2253,0.001
2254,0.001
2255,0.0623161806579
2256,0.007804285317
2257,0.0199338658863
2258,0.125762719183
2259,0.36149711128
2260,0.0492467885094
2261,0.460271857844
2262,0.260460077573
2263,0.171520876341
2264,0.159373302562
2265,0.0690352650097
2266,0.0791158818764
2267,0.168562283233
2268,0.001
2269,0.001
2270,0.227442996819
2271,0.001
2272,0.161984558001
2273,0.001
2274,0.127226510952
2275,0.001
2276,0.460271857844
2277,0.0924599399973
2278,0.406264279645
2279,0.0442788606038
2280,0.139544461405
2281,0.001
2282,0.001
2283,0.001
2284,0.0242388853545
2285,0.136135617566
2286,0.127691011243
2287,0.117904048797
2288,0.319524248774
2289,0.109122680955
2290,0.12014253798
2291,0.130567092465
2292,0.0923617745107
2293,0.157112478507
2294,0.0667134275797
2295,0.001
2296,0.158833638443
2297,0.001
2298,0.001
2299,0.001
2300,0.105940329984
2301,0.161319358141
2302,0.001
2303,0.001
2304,0.0758724703394
2305,0.001
2306,0.001
2307,0.202598905642
2308,0.0545407524244
2309,0.211826723238
2310,0.158174539146
2311,0.118918385174
2312,0.001
2313,0.0301731841397
2314,0.163536781886
2315,0.001
2316,0.232454757522
2317,0.0646331141508
2318,0.001
2319,0.0793729409817
2320,0.115979901315
2321,0.298101405493
2322,0.40532078271
2323,0.347565538031
2324,0.472135140352
2325,0.0177783194791
2326,0.001
2327,0.101224173439
2328,0.0220048810619
2329,0.161995709389
2330,0.001
2331,0.001
2332,0.001
2333,0.0476234192551
2334,0.00816161859612
2335,0.0934410539355
2336,0.001
2337,0.127908339768
2338,0.0685276454286
2339,0.001
2340,0.204982268847
2341,0.001
2342,0.001
2343,0.0834161447423
2344,0.0717882705896
2345,0.0343226294969
2346,0.260969986223
2347,0.188734255531
2348,0.126139640607
2349,0.0826875663156
2350,0.10850284314
2351,0.187429042051
2352,0.001
2353,0.247003698389
2354,0.16666207417
2355,0.0241538116663
2356,0.00934032468805
2357,0.001
2358,0.001
2359,0.0746386389923
2360,0.0746386389923
2361,0.160589309268
2362,0.001
2363,0.144914031099
2364,0.001
2365,0.246266745795
2366,0.0834807028735
2367,0.14190818443
2368,0.001
2369,0.193133571682
2370,0.159003546231
2371,0.154947833051
2372,0.573279602225
2373,0.001
2374,0.0231149849993
2375,0.204036579396
2376,0.001
2377,0.127691011243
2378,0.457711239548
2379,0.230620695652
2380,0.307611932094
2381,0.426759520661
2382,0.191370210996
2383,0.001
2384,0.001
2385,0.175999847643
2386,0.048748208787
2387,0.001
2388,0.192330149108
2389,0.0681856943781
2390,0.152591645307
2391,0.137563242662
2392,0.0558018689402
2393,0.210474719339
2394,0.12304127791
2395,0.001
2396,0.0753200677055
2397,0.0848274846883
2398,0.546497610979
2399,0.276557466329
2400,0.028141028013
2401,0.377397164793
2402,0.460271857844
2403,0.188276582045
2404,0.001
2405,0.152203274599
2406,0.140170747837
2407,0.0269856492438
2408,0.14571329647
2409,0.121465652087
2410,0.001
2411,0.0767243573547
2412,0.0825430532916
2413,0.0570040029799
2414,0.001
2415,0.001
2416,0.001
2417,0.106500235746
2418,0.0958761524086
2419,0.192224853821
2420,0.0917474151777
2421,0.0794048690057
2422,0.197837969406
2423,0.0291624863066
2424,0.0639697350591
2425,0.126834994915
2426,0.001
2427,0.179118689447
2428,0.0791228721941
2429,0.0606776064915
2430,0.181241967982
2431,0.184995890807
2432,0.001
2433,0.268902776056
2434,0.0768062066571
2435,0.0872139705135
2436,0.220010810792
2437,0.207131365634
2438,0.001
2439,0.347321044095
2440,0.17512796042
2441,0.296772159395
2442,0.383261409968
2443,0.081155395835
2444,0.382166503096
2445,0.001
2446,0.0938254184013
2447,0.278751013841
2448,0.00816161859612
2449,1.07775717279
2450,0.0709482436551
2451,0.0746386389923
2452,0.155713679614
2453,0.161842050316
2454,0.168696676682
2455,0.001
2456,0.16978106334
2457,0.001
2458,0.001
2459,0.0986652443957
2460,0.0208645913146
2461,0.0311443510348
2462,0.001
2463,0.001
2464,0.001
2465,0.001
2466,0.001
2467,0.0943418808724
2468,0.001
2469,0.001
2470,0.001
2471,0.0654157108311
2472,0.200494598246
2473,0.0128681176181
2474,0.001
2475,0.197691675509
2476,0.187747997888
2477,0.145459155372
2478,0.064860431211
2479,0.243748287836
2480,0.001
2481,0.153585008078
2482,0.001
2483,0.113647992225
2484,0.001
2485,0.001
2486,0.001
2487,0.142473213024
2488,0.001
2489,0.0946447839738
2490,0.001
2491,0.001
2492,0.001
2493,0.001
2494,0.179980921657
2495,0.239237467894
2496,0.001
2497,0.31373789189
2498,0.0326763481896
2499,0.304341953367
2500,0.220878472836
2501,0.001
2502,0.228934833958
2503,0.102691081692
2504,0.001
2505,0.275802808891
2506,0.001
2507,0.18987768934
2508,0.001
2509,0.0782844684234
2510,0.0242388853545
2511,0.197493473153
2512,0.187298144764
2513,0.001
2514,0.149513799178
2515,0.001
2516,0.0055287115041
2517,0.001
2518,0.001
2519,0.001
2520,0.001
2521,0.001
2522,0.001
2523,0.0897921244702
2524,0.001
2525,0.001
2526,0.001
2527,0.001
2528,0.001
2529,0.001
2530,0.0264759936034
2531,0.001
2532,0.156104200016
2533,0.112406784581
2534,0.144859967223
2535,0.122227912238
2536,0.103242731742
2537,0.001
2538,0.117080536793
2539,0.127691011243
2540,0.150428388161
2541,0.163542819316
2542,0.0837329998711
2543,0.326903044675
2544,0.261697447427
2545,0.001
2546,0.343015612814
2547,0.239657570307
2548,0.15265928111
2549,0.0987462293895
2550,0.0758724703394
2551,0.0392069867043
2552,0.125419816701
2553,0.001
2554,0.001
2555,0.150953026217
2556,0.0982210424475
2557,0.144752679251
2558,0.0476446050852
2559,0.0489818171181
2560,0.0754141264475
2561,0.130495609568
2562,0.232036766675
2563,0.0161674925276
2564,0.001
2565,0.001
2566,0.001
2567,0.001
2568,0.001
2569,0.001
2570,0.001
2571,0.001
2572,0.001
2573,0.0140150067266
2574,0.190316081218
2575,0.001
2576,0.0459449088137
2577,0.0782142504648
2578,0.0233575573725
2579,0.0969605340455
2580,0.138792252465
2581,0.001
2582,0.001
2583,0.1071450153
2584,0.140030644753
2585,0.214862223925
2586,0.001
2587,0.225818484267
2588,0.287447103469
2589,0.499941717336
2590,0.001
2591,0.254482035135
2592,0.179101964335
2593,0.001
2594,0.0746386389923
2595,0.001
2596,0.152597500856
2597,0.0652926497545
2598,0.0735091215524
2599,0.16083192863
2600,0.142686770036
2601,0.229974919015
2602,0.193184904024
2603,0.0283594578945
2604,0.12430471133
2605,0.10924231759
2606,0.0809878751779
2607,0.076792504039
2608,0.001
2609,0.001
2610,0.001
2611,0.001
2612,0.001
2613,0.001
2614,0.0558185792625
2615,0.001
2616,0.001
2617,0.001
2618,0.001
2619,0.001
2620,0.0951326938462
2621,0.001
2622,0.001
2623,0.0618307990486
2624,0.001
2625,0.001
2626,0.001
2627,0.001
2628,0.201550904037
2629,0.04330559919
2630,0.216535956251
2631,0.383177252129
2632,0.449960340915
2633,0.437740247866
2634,0.001
2635,0.001
2636,0.0846082277152
2637,0.001
2638,0.142017044468
2639,0.189578438171
2640,0.001
2641,0.001
2642,0.001
2643,0.208703114917
2644,0.146452155363
2645,0.189926618667
2646,0.255412845938
2647,0.001
2648,0.00258798772563
2649,0.001
2650,0.001
2651,0.001
2652,0.001
2653,0.0295940829264
2654,0.001
2655,0.001
2656,0.001
2657,0.001
2658,0.119026153952
2659,0.001
2660,0.001
2661,0.001
2662,0.167045504746
2663,0.0287518748096
2664,0.0341351128049
2665,0.001
2666,0.247389664468
2667,0.218039675357
2668,0.001
2669,0.0923151122774
2670,0.208921781675
2671,0.001
2672,0.141349752048
2673,0.159637438928
2674,0.216496744797
2675,0.001
2676,0.001
2677,0.001
2678,0.18687362081
2679,0.001
2680,0.0883015559991
2681,0.157315182397
2682,0.0469638337204
2683,0.001
2684,0.001
2685,0.001
2686,0.001
2687,0.001
2688,0.001
2689,0.001
2690,0.001
2691,0.001
2692,0.001
2693,0.0667950567339
2694,0.056097728251
2695,0.001
2696,0.109002441279
2697,0.001
2698,0.001
2699,0.214864461963
2700,0.100225355464
2701,0.0911048936348
2702,0.0105773926496
2703,0.0535328999912
2704,0.0447766805314
2705,0.001
2706,0.001
2707,0.0825469049831
2708,0.001
2709,0.001
2710,0.12114327353
2711,0.109999309787
2712,0.193108198823
2713,0.0358211286961
2714,0.001
2715,0.001
2716,0.001
2717,0.001
2718,0.001
2719,0.0700714755995
2720,0.236740315269
2721,0.19312164765
2722,0.0665581153678
2723,0.163361470809
2724,0.122211943226
2725,0.121447957577
2726,0.231069240194
2727,0.189650651599
2728,0.204004251651
2729,0.131162380632
2730,0.0768342722108
2731,0.0867410900096
2732,0.001
2733,0.001
2734,0.124579709671
2735,0.0946196816708
2736,0.001
2737,0.0436448763664
2738,0.001
2739,0.001
2740,0.001
2741,0.001
2742,0.001
2743,0.001
2744,0.159560301234
2745,0.213156162814
2746,0.0428072156421
2747,0.0395914694207
2748,0.0729884697976
2749,0.0920476715412
2750,0.381600932194
2751,0.001
2752,0.0746386389923
2753,0.244479181396
2754,0.287239029852
2755,0.001
2756,0.001
2757,0.0585214572806
2758,0.001
2759,0.001
2760,0.151411008235
2761,0.19068139906
2762,0.001
2763,0.001
2764,0.001
2765,0.001
2766,0.10134398822
2767,0.001
2768,0.001
2769,0.001
2770,0.001
2771,0.078601951732
2772,0.001
2773,0.115260158534
2774,0.001
2775,0.122211943226
2776,0.144931702908
2777,0.076792504039
2778,0.001
2779,0.001
2780,0.015563694692
2781,0.001
2782,0.001
2783,0.001
2784,0.137061904895
2785,0.001
2786,0.001
2787,0.001
2788,0.001
2789,0.001
2790,0.001
2791,0.001
2792,0.091899464605
2793,0.0872158176943
2794,0.001
2795,0.0743634209077
2796,0.001
2797,0.001
2798,0.191049848763
2799,0.292826817524
2800,0.244530626109
2801,0.001
2802,0.001
2803,0.457878232613
2804,0.182488287561
2805,0.001
2806,0.001
2807,0.001
2808,0.017015245672
2809,0.001
2810,0.0467693244096
2811,0.001
2812,0.137048534938
2813,0.0546606973128
2814,0.001
2815,0.156178457795
2816,0.0666332626168
2817,0.166494881379
2818,0.172551104368
2819,0.189227819041
2820,0.001
2821,0.001
2822,0.001
2823,0.001
2824,0.001
2825,0.126335206454
2826,0.0700622403345
2827,0.001
2828,0.001
2829,0.171321077838
2830,0.114302668644
2831,0.0681780553686
2832,0.001
2833,0.141724319379
2834,0.364488234461
2835,0.0877391697219
2836,0.25935090124
2837,0.164774439185
2838,0.086030920683
2839,0.001
2840,0.001
2841,0.001
2842,0.001
2843,0.001
2844,0.001
2845,0.001
2846,0.0763393313984
2847,0.001
2848,0.0555127401017
2849,0.001
2850,0.001
2851,0.0654220650636
2852,0.0719895998027
2853,0.0613472615432
2854,0.277161414774
2855,0.159373302562
2856,0.560734568134
2857,0.211624105333
2858,0.123269980222
2859,0.001
2860,0.001
2861,0.001
2862,0.001
2863,0.0272192575749
2864,0.001
2865,0.001
2866,0.001
2867,0.001
2868,0.001
2869,0.001
2870,0.001
2871,0.001
2872,0.001
2873,0.001
2874,0.001
2875,0.001
2876,0.001
2877,0.0921502985531
2878,0.15106843728
2879,0.0927825766465
2880,0.0562322345496
2881,0.235174473465
2882,0.157083660341
2883,0.376914870797
2884,0.001
2885,0.001
2886,0.001
2887,0.001
2888,0.010152002066
2889,0.001
2890,0.001
2891,0.001
2892,0.0700911835876
2893,0.001
2894,0.123269980222
2895,0.001
2896,0.001
2897,0.135390435521
2898,0.208679655624
2899,0.242050412905
2900,0.001
2901,0.324083552559
2902,0.0610061280772
2903,0.001
2904,0.0727947043511
2905,0.001
2906,0.001
2907,0.001
2908,0.001
2909,0.001
2910,0.001
2911,0.001
2912,0.103535270433
2913,0.001
2914,0.186236534025
2915,0.0166340917449
2916,0.207152194644
2917,0.141787183979
2918,0.0732068891672
2919,0.001
2920,0.0621325005428
2921,0.001
2922,0.0685275158797
2923,0.001
2924,0.001
2925,0.001
2926,0.001
2927,0.001
2928,0.001
2929,0.001
2930,0.001
2931,0.0666129074716
2932,0.101231774243
2933,0.001
2934,0.0482839049612
2935,0.001
2936,0.001
2937,0.001
2938,0.001
2939,0.001
2940,0.001
2941,0.001
2942,0.001
2943,0.001
2944,0.001
2945,0.0171376569111
2946,0.0380658150769
2947,0.001
2948,0.001
2949,0.001
2950,0.001
2951,0.0677168126901
2952,0.001
2953,0.001
2954,0.001
2955,0.001
2956,0.001
2957,0.001
2958,0.001
2959,0.0244807634097
2960,0.001
2961,0.001
2962,0.0343069766221
2963,0.0778698263014
2964,0.001
2965,0.125857530827
2966,0.0946644793912
2967,0.409585483498
2968,0.0420429048624
2969,0.001
2970,0.001
2971,0.001
2972,0.001
2973,0.044697301899
2974,0.0692677840818
2975,0.0389457106304
2976,0.001
2977,0.001
2978,0.001
2979,0.001
2980,0.001
2981,0.0258933177182
2982,0.001
2983,0.001
2984,0.001
