0,0.001
1,0.001
2,0.001
3,0.001
4,0.001
5,0.001
6,0.001
7,0.001
8,0.001
9,0.001
10,0.001
11,0.001
12,0.001
13,0.001
14,2.73386765351
15,0.001
16,0.001
17,0.039789490429
18,0.001
19,0.001
20,0.668492511701
21,0.001
22,0.001
23,0.132795099382
24,0.001
25,0.001
26,0.001
27,0.001
28,0.001
29,0.001
30,0.001
31,0.001
32,0.001
33,0.001
34,0.001
35,0.001
36,0.001
37,0.001
38,0.001
39,0.001
40,0.001
41,0.001
42,0.001
43,0.001
44,0.001
45,0.001
46,0.001
47,0.001
48,0.001
49,0.001
50,0.001
51,0.001
52,0.001
53,0.001
54,0.001
55,0.001
56,0.001
57,0.001
58,0.001
59,0.001
60,0.001
61,0.001
62,0.001
63,0.001
64,0.001
65,0.001
66,0.001
67,0.0167293113158
68,0.001
69,0.001
70,0.001
71,0.001
72,0.001
73,0.001
74,0.001
75,0.00311622349612
76,0.001
77,0.001
78,0.00393224793463
79,0.001
80,0.001
81,0.001
82,0.001
83,0.001
84,0.001
85,0.001
86,0.001
87,0.001
88,0.001
89,0.001
90,0.001
91,0.001
92,0.001
93,0.001
94,0.001
95,0.001
96,0.001
97,0.001
98,0.001
99,0.001
100,0.001
101,0.001
102,0.001
103,0.001
104,0.001
105,0.001
106,0.001
107,0.001
108,0.001
109,0.001
110,0.001
111,0.001
112,0.001
113,0.001
114,0.001
115,0.0345677835895
116,0.001
117,0.001
118,0.001
119,0.001
120,0.001
121,0.001
122,0.001
123,0.001
124,0.001
125,0.001
126,0.001
127,0.001
128,0.001
129,0.010942092356
130,0.001
131,0.001
132,0.001
133,0.001
134,0.001
135,0.001
136,0.001
137,0.001
138,0.001
139,0.001
140,0.001
141,0.00623335334606
142,0.001
143,0.0153011391351
144,0.001
145,0.001
146,0.001
147,0.0101466725641
148,0.0758724703394
149,0.001
150,0.0624304650333
151,0.001
152,0.0482208189219
153,0.001
154,0.001
155,0.0194451648986
156,0.001
157,0.0342625260628
158,0.001
159,0.001
160,0.001
161,0.001
162,0.001
163,0.001
164,0.001
165,0.001
166,0.001
167,0.001
168,0.001
169,0.001
170,0.001
171,0.166077195864
172,0.0269606796219
173,0.001
174,0.001
175,0.001
176,0.001
177,0.104865914729
178,0.001
179,0.001
180,0.001
181,0.0380658150769
182,0.0887696967287
183,0.001
184,0.020247667235
185,0.001
186,0.001
187,0.001
188,0.001
189,0.001
190,0.001
191,0.001
192,0.001
193,0.001
194,0.001
195,0.001
196,0.001
197,0.0366536971042
198,0.001
199,0.001
200,0.001
201,0.0186922317351
202,0.001
203,0.001
204,0.102362351311
205,0.138115535051
206,0.001
207,0.0304321647223
208,0.001
209,0.001
210,0.001
211,0.001
212,0.001
213,0.001
214,0.0196670812818
215,0.001
216,0.001
217,0.001
218,0.001
219,0.001
220,0.001
221,0.001
222,0.001
223,0.001
224,0.0504965302622
225,0.0746386389923
226,0.001
227,0.001
228,0.00998514304732
229,0.001
230,0.001
231,0.001
232,0.001
233,0.001
234,0.001
235,0.001
236,0.001
237,0.041174880142
238,0.001
239,0.001
240,0.001
241,0.001
242,0.018384805894
243,0.615306347065
244,0.001
245,0.001
246,0.001
247,0.001
248,0.001
249,0.001
250,0.001
251,0.001
252,0.0993964127091
253,0.0497487084222
254,0.001
255,0.001
256,0.0242808868509
257,0.001
258,0.0928798754236
259,0.0938599437745
260,0.0608314772238
261,0.001
262,0.128668414319
263,0.0825478707533
264,0.001
265,0.126173781547
266,0.001
267,0.0327098798095
268,0.001
269,0.001
270,0.001
271,0.0093444118525
272,0.034271642467
273,0.001
274,0.001
275,0.001
276,0.001
277,0.001
278,0.001
279,0.0702027979162
280,0.001
281,0.127315173146
282,0.836191144984
283,0.0467476559176
284,0.001
285,0.001
286,0.0758724703394
287,0.001
288,0.222234600548
289,0.001
290,0.001
291,0.1492557724
292,0.001
293,0.34352084468
294,0.0382740474873
295,0.001
296,0.0264803053759
297,0.0529592822132
298,0.001
299,0.0209862899894
300,0.001
301,0.001
302,0.001
303,0.001
304,0.001
305,0.001
306,0.001
307,0.001
308,0.001
309,0.001
310,0.0467877144704
311,0.001
312,0.0697282036546
313,0.0783477878967
314,0.0388074086889
315,0.001
316,0.107460213898
317,0.174479316691
318,0.001
319,0.184505280579
320,0.001
321,0.0706787402341
322,0.0706787402341
323,0.001
324,0.001
325,0.001
326,0.0965720607241
327,0.001
328,0.001
329,0.0358130363343
330,0.00146633247615
331,0.0434951730425
332,0.001
333,0.001
334,0.001
335,0.001
336,0.001
337,0.001
338,0.001
339,0.001
340,0.001
341,0.001
342,0.001
343,0.001
344,0.020575044055
345,0.0428072156421
346,0.001
347,0.234983233309
348,0.001
349,0.0436057531181
350,0.578474091115
351,0.001
352,0.001
353,0.376553164089
354,0.346596155817
355,2.6356502745
356,0.930323753022
357,0.849489383465
358,0.001
359,0.132583211158
360,0.256987852239
361,0.045969485237
362,0.0845071979611
363,0.001
364,0.077687608845
365,0.0651672374756
366,0.001
367,0.0452357994929
368,0.001
369,0.0171499309192
370,0.001
371,0.001
372,0.001
373,0.001
374,0.001
375,0.001
376,0.001
377,0.001
378,0.001
379,0.001
380,0.0667266320745
381,0.0313592627475
382,0.001
383,0.0580423023208
384,0.14872105417
385,0.0479014610495
386,0.0391343399803
387,0.001
388,0.001
389,1.25442161683
390,0.235453248305
391,0.131162380632
392,0.938161253948
393,0.912463585787
394,0.889246055024
395,0.485999345407
396,0.001
397,0.10594995026
398,0.342854816326
399,0.001
400,0.148889062443
401,0.001
402,0.001
403,0.147965017776
404,0.0809936611346
405,0.189370372263
406,0.0716405261626
407,0.112151567624
408,0.0837096867657
409,0.0419093327364
410,0.001
411,0.001
412,0.0467295353125
413,0.001
414,0.001
415,0.001
416,0.001
417,0.001
418,0.001
419,0.001
420,0.0405365883604
421,0.001
422,0.0905797546817
423,0.001
424,0.001
425,0.515065326707
426,0.900238269449
427,1.01716523572
428,1.38716664417
429,0.164907929006
430,0.964093980069
431,0.113970612367
432,0.923559967109
433,1.63224588567
434,0.534703668451
435,0.375095190174
436,0.001
437,0.001
438,0.263097206212
439,0.110616856958
440,0.18309786923
441,0.147960084583
442,0.066976463761
443,0.106401704409
444,0.135565623795
445,0.001
446,0.0602096605143
447,0.486629305699
448,0.102795212862
449,0.0373035742285
450,0.001
451,0.001
452,0.001
453,0.001
454,0.001
455,0.001
456,0.001
457,0.001
458,0.001
459,0.001
460,0.001
461,0.135779029614
462,0.0218085896799
463,0.001
464,0.289558923407
465,1.40517634338
466,1.85925239093
467,0.361060721521
468,0.542896363462
469,1.34415968308
470,0.22871825756
471,1.15123329626
472,1.0
473,0.300412115369
474,0.0231149849993
475,0.44661272234
476,0.388376146961
477,0.199004447266
478,0.001
479,0.001
480,0.19781884506
481,0.001
482,0.106055596991
483,0.001
484,0.189950763377
485,0.346596155817
486,0.001
487,0.001
488,0.001
489,0.001
490,0.001
491,0.001
492,0.001
493,0.001
494,0.001
495,0.001
496,0.001
497,0.001
498,0.001
499,0.001
500,0.933447724226
501,0.346596155817
502,3.55717597338
503,2.23804139324
504,2.72020389338
505,1.7686281052
506,0.531818256327
507,0.632691063573
508,1.63338417336
509,0.286005855783
510,0.076792504039
511,0.202523190428
512,0.208921781675
513,0.208668103916
514,0.001
515,0.435980784677
516,0.212404221583
517,0.0344844937774
518,0.116564319717
519,0.09518571054
520,0.298101405493
521,0.0327080164719
522,0.0404922862127
523,0.001
524,0.001
525,0.001
526,0.001
527,0.001
528,0.001
529,0.001
530,0.001
531,0.001
532,0.001
533,0.0241173315208
534,0.001
535,0.0941209610276
536,0.001
537,0.001
538,1.16504520112
539,6.25834178214
540,2.94221600484
541,3.31390960422
542,2.53267907343
543,3.29495955435
544,0.673488351846
545,0.697978062665
546,0.537604130011
547,0.0459962460679
548,0.165663699707
549,0.271033246487
550,0.211391567044
551,0.0823305647182
552,0.263683028828
553,0.141758548417
554,0.0736466287249
555,0.234819668303
556,0.0899880973374
557,0.0322454646667
558,0.001
559,0.0135255040709
560,0.0465994631312
561,0.001
562,0.001
563,0.001
564,0.001
565,0.001
566,0.001
567,0.001
568,0.001
569,0.001
570,0.001
571,0.0473677101775
572,0.371520280272
573,0.001
574,0.211795823664
575,2.03275118729
576,4.3322860605
577,3.43217143899
578,1.75236408603
579,2.52216333191
580,3.53619427757
581,1.64473010809
582,0.001
583,0.266532265301
584,0.437232717809
585,0.293442248234
586,0.219901027781
587,0.277546878698
588,0.001
589,0.103690532766
590,0.321216390492
591,0.201990328752
592,0.139323999228
593,0.196064668674
594,0.001
595,0.232055898794
596,0.0585072145197
597,0.0769994085554
598,0.0444875854106
599,0.001
600,0.0109030218746
601,0.001
602,0.001
603,0.001
604,0.001
605,0.001
606,0.001
607,0.001
608,0.0108044928673
609,0.001
610,0.001
611,0.001
612,0.001
613,0.001
614,0.001
615,0.001
616,0.104350161399
617,0.183002690924
618,0.001
619,0.001
620,0.109086156513
621,0.141319422147
622,0.0200491021137
623,0.018430479801
624,0.001
625,0.001
626,0.53881881765
627,0.493656653972
628,0.888515921994
629,0.31301875286
630,0.001
631,0.252124481188
632,0.001
633,0.001
634,0.160044566198
635,0.001
636,0.001
637,0.001
638,0.001
639,0.0996965731981
640,0.162053378395
641,0.001
642,0.0825496805351
643,0.001
644,0.001
645,0.001
646,0.001
647,0.0565576781179
648,0.001
649,0.001
650,0.001
651,0.001
652,0.001
653,0.001
654,0.001
655,0.001
656,0.0154298462289
657,0.001
658,0.001
659,0.001
660,0.001
661,0.001
662,0.001
663,0.001
664,0.0189194849568
665,0.0688605889705
666,0.0727947043511
667,0.001
668,0.001
669,0.001
670,0.001
671,0.001
672,0.001
673,0.001
674,0.001
675,0.0235635527446
676,0.001
677,0.0871148633394
678,0.001
679,0.0505519879298
680,0.424489722836
681,3.32529248942
682,3.12132430791
683,0.937510625747
684,0.001
685,0.001
686,0.038768853465
687,0.001
688,0.379116462009
689,0.141767346115
690,0.530138172167
691,0.209280644092
692,0.562536165072
693,0.001
694,0.001
695,0.001
696,0.001
697,0.392119469267
698,0.001
699,0.001
700,0.0372896710043
701,0.0893185022925
702,0.00306988517058
703,0.001
704,0.001
705,0.001
706,0.001
707,0.001
708,0.001
709,0.001
710,0.001
711,0.001
712,0.001
713,0.001
714,0.001
715,0.001
716,0.001
717,0.0498494505487
718,0.001
719,0.001
720,0.001
721,0.0340966868428
722,0.0493279204702
723,0.0620638836603
724,0.001
725,0.059954506715
726,0.001
727,0.001
728,0.001
729,0.001
730,0.118416555649
731,0.122211943226
732,0.0659868167903
733,0.686562168422
734,0.156753701544
735,0.266199662384
736,0.952041117653
737,0.25389179834
738,0.0421233141965
739,2.67476568739
740,2.64881011608
741,0.937421597923
742,0.001
743,0.123269980222
744,0.0758724703394
745,0.319524248774
746,0.445758455192
747,0.240675137383
748,0.26891159277
749,0.123269980222
750,0.510766276595
751,0.0592018884907
752,0.0465680395723
753,0.131116936004
754,0.111593061151
755,0.00110756952244
756,0.0390781492315
757,0.0498369367959
758,0.0414906985848
759,0.0388254059392
760,0.001
761,0.0280377431077
762,0.001
763,0.001
764,0.001
765,0.001
766,0.0286428690682
767,0.0300689497207
768,0.001
769,0.0342694349463
770,0.001
771,0.001
772,0.0251545525109
773,0.115300866297
774,0.0339805814692
775,0.001
776,0.0129223434512
777,0.001
778,0.0794532952451
779,0.001
780,0.0520145187442
781,0.0258762453356
782,0.001
783,0.001
784,0.001
785,0.001
786,0.174461739323
787,0.286656195374
788,0.356667322115
789,0.24144886177
790,0.230513119626
791,0.526270888398
792,1.67351616334
793,0.599216001382
794,0.432700468498
795,2.37408337872
796,4.10643837809
797,4.68568330288
798,0.001
799,0.109122680955
800,1.76502937011
801,3.44965114059
802,0.644870237043
803,0.305885510827
804,0.834818118053
805,0.0925898574545
806,0.244590581822
807,0.127606407664
808,0.126032833553
809,0.234827727769
810,0.105770811228
811,0.0224727288698
812,0.0597838663487
813,0.146417539299
814,0.25839995894
815,0.101052838708
816,0.028984943975
817,0.001
818,0.001
819,0.001
820,0.001
821,0.0109371944863
822,0.001
823,0.001
824,0.0440932853298
825,0.0744825025422
826,0.106514484321
827,0.10802949241
828,0.0239913650059
829,0.001
830,0.0487732780939
831,0.0707897307761
832,0.128155700733
833,0.001
834,0.001
835,0.189655437485
836,0.70023933995
837,0.001
838,0.152472718478
839,0.33780432175
840,0.116848374915
841,0.0635211596642
842,0.001
843,0.001
844,0.001
845,0.001
846,0.370596257357
847,0.123269980222
848,0.265250278821
849,0.489205718928
850,1.43317923726
851,1.2292211542
852,1.58812844604
853,5.37092559084
854,0.847858356082
855,5.18092348761
856,3.91647061868
857,2.50904063858
858,5.02091159451
859,2.0
860,2.89779739816
861,2.92234883796
862,0.461730609236
863,0.242966642025
864,0.312176597081
865,0.106996785755
866,0.243341197022
867,0.177745177914
868,0.254857354333
869,0.001
870,0.001
871,0.001
872,0.0632859982305
873,0.001
874,0.16824559317
875,0.001
876,0.123073349979
877,0.001
878,0.001
879,0.001
880,0.001
881,0.001
882,0.001
883,0.001
884,0.001
885,0.018696701887
886,0.001
887,0.001
888,0.001
889,0.112695784702
890,0.001
891,0.001
892,0.596838278257
893,0.0342781183268
894,0.001
895,0.001
896,0.001
897,0.0576122560201
898,0.0500100863581
899,0.174706302313
900,0.110604909717
901,0.001
902,0.001
903,0.0730499180054
904,0.0593158281495
905,0.0877494877358
906,0.001
907,0.001
908,0.001
909,0.0605596973958
910,0.138872732597
911,0.179500392962
912,0.336052421285
913,0.914904457078
914,2.03716135934
915,1.8718296537
916,7.96497455069
917,0.970556732279
918,0.132947873874
919,0.189420179415
920,0.190085633171
921,0.945544533183
922,6.65647915532
923,3.81749155371
924,3.32097778606
925,0.487586318439
926,0.001
927,0.208519093664
928,0.238679279254
929,0.001
930,0.277260945583
931,0.103319677178
932,0.224337585759
933,0.0393384652098
934,0.102602028695
935,0.001
936,0.0981155180562
937,0.166624617167
938,0.287070324606
939,0.0635787422527
940,0.001
941,0.001
942,0.001
943,0.001
944,0.001
945,0.001
946,0.001
947,0.001
948,0.001
949,0.001
950,0.001
951,0.001
952,0.188276582045
953,0.001
954,0.102833419333
955,0.0133211061916
956,0.001
957,0.0607614848161
958,0.0599614086803
959,0.001
960,0.106130974075
961,0.113715304583
962,0.001
963,0.001
964,0.0527687092121
965,0.0341351128049
966,0.001
967,0.001
968,0.0131085960142
969,0.001
970,0.001
971,0.182877113743
972,0.430230683129
973,0.401011480117
974,0.368295084237
975,0.262205839009
976,0.182488287561
977,1.21135337411
978,1.38218656496
979,1.75460295167
980,0.443867758526
981,0.310568124986
982,0.278483032702
983,1.08841243538
984,3.92980632126
985,3.16296756806
986,0.667538467231
987,0.565640276945
988,0.244730800469
989,0.001
990,0.001
991,0.001
992,0.179104275973
993,0.001
994,0.126257963519
995,0.0327116058775
996,0.166140964882
997,0.200947796331
998,0.001
999,0.455917521195
1000,0.371009684975
1001,0.0039021426585
1002,0.223224868823
1003,0.001
1004,0.0529656818004
1005,0.001
1006,0.001
1007,0.001
1008,0.001
1009,0.001
1010,0.001
1011,0.001
1012,0.001
1013,0.001
1014,0.001
1015,0.001
1016,0.001
1017,0.001
1018,0.127486052956
1019,0.0283587222345
1020,0.0346207137316
1021,0.001
1022,0.001
1023,0.0997157785539
1024,0.38466874468
1025,0.0630859546399
1026,0.001
1027,0.001
1028,0.250807420944
1029,0.0727767019385
1030,0.001
1031,0.0858369843791
1032,0.001
1033,0.197908619214
1034,0.001
1035,0.0572152395318
1036,0.632406033395
1037,0.346596155817
1038,0.349584425657
1039,1.14139255514
1040,1.67130524315
1041,2.70614287496
1042,4.01352524581
1043,0.942890496478
1044,1.8309137562
1045,0.776212741672
1046,1.27004684976
1047,1.06550026327
1048,2.9537892091
1049,2.10262609648
1050,0.658972152024
1051,0.512317362718
1052,0.779927167909
1053,0.352022364311
1054,0.219590819146
1055,0.001
1056,0.237713691085
1057,0.158290415164
1058,0.334486961312
1059,0.001
1060,0.001
1061,0.115360105532
1062,0.109323341492
1063,0.2429836776
1064,0.163363612486
1065,0.045969485237
1066,0.0934519949253
1067,0.0609195676179
1068,0.001
1069,0.145012327579
1070,0.0652926497545
1071,0.001
1072,0.001
1073,0.001
1074,0.001
1075,0.001
1076,0.001
1077,0.001
1078,0.001
1079,0.001
1080,0.001
1081,0.001
1082,0.001
1083,0.001
1084,0.001
1085,0.001
1086,0.39719836372
1087,0.0711481819922
1088,0.0326289336057
1089,0.150330936765
1090,0.109686085003
1091,0.232033379546
1092,0.162898690712
1093,0.187246700423
1094,0.0242388853545
1095,0.429762835057
1096,0.0687522170591
1097,0.001
1098,0.0841574012438
1099,0.001
1100,0.036044019335
1101,0.117957931399
1102,0.0288034987895
1103,0.001
1104,0.0355437294381
1105,0.884386882068
1106,0.539728142156
1107,0.001
1108,0.001
1109,1.39916563176
1110,1.19002859698
1111,0.584129615017
1112,1.13652107649
1113,0.383563858492
1114,1.18559636173
1115,1.07576259284
1116,1.50536393261
1117,1.01816495956
1118,0.145384162536
1119,0.001
1120,0.337198823325
1121,0.416707957941
1122,0.188276582045
1123,0.001
1124,0.001
1125,0.0839507681987
1126,0.0774938362103
1127,0.255965991285
1128,0.116804499372
1129,0.001
1130,0.142992311345
1131,0.001
1132,0.218026419237
1133,0.151505093394
1134,0.18297485823
1135,0.0569013896359
1136,0.001
1137,0.001
1138,0.143544751194
1139,0.0648618463056
1140,0.001
1141,0.001
1142,0.00623059658063
1143,0.001
1144,0.001
1145,0.00376640162711
1146,0.0146973605966
1147,0.001
1148,0.001
1149,0.001
1150,0.001
1151,0.001
1152,0.0681780553686
1153,0.001
1154,0.04236807916
1155,0.0343226294969
1156,0.001
1157,0.157350822334
1158,0.001
1159,0.441884563576
1160,1.28221708658
1161,0.29596043214
1162,0.489684982681
1163,0.204811678514
1164,0.627543188838
1165,0.163064354057
1166,0.001
1167,0.0867411320705
1168,0.276916755088
1169,0.0810040619806
1170,0.213434090515
1171,0.001
1172,0.001
1173,0.0543281084211
1174,0.469861827833
1175,0.548352185291
1176,0.274175207305
1177,0.0497540341197
1178,0.118862710323
1179,1.40546857336
1180,1.39008753377
1181,1.11843890229
1182,1.62958874494
1183,0.375418779721
1184,0.0732134773966
1185,0.100055979717
1186,0.304378681557
1187,0.0957273711136
1188,0.001
1189,0.414125002283
1190,0.170735731212
1191,0.122381469917
1192,0.107468600363
1193,0.0720350153977
1194,0.107279934481
1195,0.0993964127091
1196,0.001
1197,0.153668544422
1198,0.107455177715
1199,0.0737267685448
1200,0.001
1201,0.0857834818488
1202,0.0919117715143
1203,0.001
1204,0.0231887373271
1205,0.001
1206,0.001
1207,0.052299448003
1208,0.001
1209,0.001
1210,0.001
1211,0.001
1212,0.001
1213,0.0186801570061
1214,0.001
1215,0.001
1216,0.001
1217,0.001
1218,0.001
1219,0.001
1220,0.0188004685383
1221,0.001
1222,0.001
1223,0.0232896756058
1224,0.001
1225,0.265693823031
1226,0.001
1227,0.001
1228,0.712066463487
1229,0.462447730207
1230,0.001
1231,0.140189501138
1232,0.220665250639
1233,0.159373302562
1234,0.001
1235,0.181984736211
1236,0.001
1237,0.055231527089
1238,0.13455738231
1239,0.083773844352
1240,0.001
1241,0.001
1242,0.001
1243,0.208921781675
1244,0.206311017332
1245,0.3193592741
1246,0.151068351615
1247,0.233638781186
1248,2.19186653847
1249,1.42145921835
1250,0.577291257605
1251,1.73504527979
1252,0.428532867983
1253,0.001
1254,0.12458003222
1255,0.396189669319
1256,0.790839713588
1257,0.295921968256
1258,0.460271857844
1259,0.117080536793
1260,0.0652926497545
1261,0.200170380932
1262,0.123269980222
1263,0.001
1264,0.0778812697051
1265,0.001
1266,0.001
1267,0.001
1268,0.001
1269,0.001
1270,0.122703522251
1271,0.001
1272,0.001
1273,0.001
1274,0.001
1275,0.15270674255
1276,0.119832989512
1277,0.222753491758
1278,0.001
1279,0.001
1280,0.0393588586055
1281,0.001
1282,0.001
1283,0.001
1284,0.001
1285,0.001
1286,0.001
1287,0.001
1288,0.001
1289,0.001
1290,0.001
1291,0.001
1292,0.001
1293,0.0665526162452
1294,0.234161073585
1295,0.0626066330886
1296,0.737696097647
1297,0.68387397427
1298,0.425811891758
1299,0.303847207485
1300,0.153764293816
1301,0.178141073241
1302,0.25080542106
1303,0.001
1304,0.233672732505
1305,0.306929304222
1306,0.223323675796
1307,0.297111863516
1308,0.0421233141965
1309,0.0221733176229
1310,0.001
1311,0.001
1312,0.001
1313,0.242925924446
1314,0.109122680955
1315,0.001
1316,0.46372637214
1317,0.085066834605
1318,0.457873078035
1319,0.0242388853545
1320,0.365485010129
1321,0.001
1322,0.001
1323,0.160334483838
1324,0.644902679387
1325,0.517501468607
1326,0.117394916561
1327,0.001
1328,0.001
1329,0.001
1330,0.117367366418
1331,0.001
1332,0.001
1333,0.0171296264809
1334,0.21489943672
1335,0.001
1336,0.0217995977417
1337,0.001
1338,0.001
1339,0.001
1340,0.001
1341,0.076792504039
1342,0.0981340788636
1343,0.135550204585
1344,0.001
1345,0.236806739393
1346,0.101813619793
1347,0.0155382418401
1348,0.001
1349,0.001
1350,0.0270331608665
1351,0.001
1352,0.001
1353,0.0295933275631
1354,0.001
1355,0.001
1356,0.001
1357,0.001
1358,0.001
1359,0.001
1360,0.001
1361,0.001
1362,0.0591955899539
1363,0.001
1364,0.0888081616947
1365,0.159373302562
1366,0.385122801262
1367,0.67605458299
1368,2.24721280252
1369,1.16700450048
1370,0.496876410571
1371,0.001
1372,0.220203893383
1373,0.254135748047
1374,0.001
1375,0.206429871123
1376,0.267607987866
1377,0.575557611355
1378,0.001
1379,0.001
1380,0.001
1381,0.001
1382,0.001
1383,0.001
1384,0.001
1385,0.001
1386,0.001
1387,0.001
1388,0.250741187628
1389,0.191757939498
1390,0.637125552234
1391,0.534849298252
1392,0.129273933894
1393,0.10781043112
1394,0.128854056141
1395,0.001
1396,0.168938425036
1397,0.129799294854
1398,0.001
1399,0.210272117197
1400,0.001
1401,0.001
1402,0.0837215605474
1403,0.001
1404,0.14190818443
1405,0.001
1406,0.166594119546
1407,0.109122680955
1408,0.001
1409,0.11683226476
1410,0.001
1411,0.001
1412,0.001
1413,0.122211943226
1414,0.001
1415,0.001
1416,0.26871121221
1417,0.716219037544
1418,0.001
1419,0.132741194967
1420,0.001
1421,0.0623107183667
1422,0.0971111998255
1423,0.001
1424,0.001
1425,0.001
1426,0.001
1427,0.001
1428,0.001
1429,0.001
1430,0.001
1431,0.001
1432,0.001
1433,0.0109006691627
1434,0.001
1435,0.001
1436,0.001
1437,0.001
1438,0.316647693513
1439,0.001
1440,0.239471468808
1441,0.945474245186
1442,0.881637686291
1443,0.900466996439
1444,1.93080876766
1445,0.0231149849993
1446,0.265069086084
1447,0.301359289218
1448,0.11675315972
1449,0.28974032053
1450,0.0595902695798
1451,0.0987704954533
1452,0.100247451006
1453,0.001
1454,0.0496821070653
1455,0.215377790751
1456,0.191172787347
1457,0.0716553728976
1458,0.001
1459,0.412706743614
1460,0.214009338467
1461,0.0436384103387
1462,0.0838622097261
1463,0.001
1464,0.0747953354848
1465,0.0872290805831
1466,0.642071833709
1467,0.6031906832
1468,0.001
1469,0.001
1470,0.001
1471,0.001
1472,0.0996867932321
1473,0.0669502382003
1474,0.0618407867947
1475,0.001
1476,0.001
1477,0.001
1478,0.001
1479,0.001
1480,0.001
1481,0.001
1482,0.001
1483,0.001
1484,0.001
1485,0.001
1486,0.001
1487,0.001
1488,0.001
1489,0.001
1490,0.001
1491,0.153423884694
1492,0.229620593321
1493,0.0161778613991
1494,0.127422554441
1495,0.129300552443
1496,0.69717798353
1497,0.208652599131
1498,0.001
1499,0.001
1500,0.001
1501,0.001
1502,0.001
1503,0.001
1504,0.0249184018156
1505,0.001
1506,0.001
1507,0.0320679574099
1508,0.001
1509,0.001
1510,0.001
1511,0.001
1512,0.001
1513,0.001
1514,0.0473580102849
1515,0.001
1516,0.001
1517,0.163222887283
1518,0.154228246256
1519,0.201594732436
1520,0.389434841442
1521,0.001
1522,0.001
1523,0.131594956409
1524,0.001
1525,0.0725616722369
1526,0.001
1527,0.181258560819
1528,0.001
1529,0.001
1530,0.2102701831
1531,0.121075253453
1532,0.0607376416799
1533,0.001
1534,0.15082622937
1535,0.218060745334
1536,0.635513203321
1537,0.208921781675
1538,0.001
1539,0.001
1540,0.001
1541,0.0428072156421
1542,0.127691011243
1543,0.29022523768
1544,0.0420479935008
1545,0.0706787402341
1546,0.001
1547,0.113692372665
1548,0.0412357362641
1549,0.001
1550,0.001
1551,0.001
1552,0.001
1553,0.120953959673
1554,0.244423886453
1555,0.001
1556,0.001
1557,0.001
1558,0.001
1559,0.001
1560,0.001
1561,0.036087768171
1562,0.001
1563,0.213943535551
1564,0.0264773268671
1565,0.001
1566,0.0386002628835
1567,0.001
1568,0.001
1569,0.122532024271
1570,0.0608156532183
1571,0.411968969807
1572,0.222666392931
1573,0.0373792498243
1574,0.001
1575,0.001
1576,0.001
1577,0.001
1578,0.001
1579,0.001
1580,0.001
1581,0.001
1582,0.0254581734379
1583,0.001
1584,0.001
1585,0.001
1586,0.128488648477
1587,0.0966221639973
1588,0.001
1589,0.42919511672
1590,0.001
1591,0.10747189805
1592,0.70571034375
1593,0.539728142156
1594,0.728501395147
1595,1.00781910465
1596,0.275707596754
1597,0.257015030059
1598,0.0734542683506
1599,0.719474647788
1600,1.0
1601,0.49378213471
1602,0.299350361961
1603,0.00831082153337
1604,0.001
1605,0.0768342722108
1606,0.240590619178
1607,0.0681780553686
1608,0.001
1609,0.001
1610,0.001
1611,0.0465429461413
1612,0.103399680686
1613,0.188276582045
1614,0.0131655999342
1615,0.0265094808314
1616,0.001
1617,0.0545113657891
1618,0.001
1619,0.0570272880416
1620,0.001
1621,0.119663199435
1622,0.001
1623,0.0804700761796
1624,0.001
1625,0.0643361960539
1626,0.001
1627,0.001
1628,0.0186964576278
1629,0.001
1630,0.0186834549811
1631,0.001
1632,0.001
1633,0.001
1634,0.0392448882759
1635,0.029587591398
1636,0.001
1637,0.001
1638,0.001
1639,0.127691011243
1640,0.001
1641,0.001
1642,0.001
1643,0.001
1644,0.0786002253629
1645,0.13380019749
1646,0.376437233765
1647,0.283301754298
1648,0.411206995821
1649,1.08254981848
1650,0.0604060441352
1651,0.0579447200593
1652,0.0821152456189
1653,0.0746386389923
1654,0.00778759779525
1655,0.001
1656,0.0436086130389
1657,0.001
1658,0.00729517109361
1659,0.001
1660,0.001
1661,0.001
1662,0.0743704416173
1663,0.001
1664,0.137732156715
1665,0.196152792515
1666,0.442895649362
1667,0.253110196783
1668,0.0510681199673
1669,0.389772338396
1670,0.393197035996
1671,0.731574496001
1672,0.422719445826
1673,0.239131638854
1674,0.397570784745
1675,0.482486635346
1676,0.386456288024
1677,1.00830059392
1678,0.236660121677
1679,0.75007678526
1680,0.644846094045
1681,0.001
1682,0.0440060127624
1683,0.25188113594
1684,0.0480626989469
1685,0.001
1686,0.001
1687,0.001
1688,0.259879164654
1689,0.250729427453
1690,0.001
1691,0.0167198632445
1692,0.001
1693,0.0960013242549
1694,0.126137191551
1695,0.0231149849993
1696,0.001
1697,0.104952812392
1698,0.0556798104313
1699,0.001
1700,0.0583155558784
1701,0.001
1702,0.001
1703,0.001
1704,0.001
1705,0.0047789791988
1706,0.001
1707,0.001
1708,0.001
1709,0.001
1710,0.200090210876
1711,0.0560552290961
1712,0.001
1713,0.0596314031346
1714,0.001
1715,0.0438238687178
1716,0.153173946175
1717,0.0925816908705
1718,0.001
1719,0.001
1720,0.136682752852
1721,0.150739250652
1722,0.491069116935
1723,0.076792504039
1724,0.294321143129
1725,1.79577415995
1726,0.001
1727,0.0164624664504
1728,0.215392074987
1729,0.300662148889
1730,0.001
1731,0.001
1732,0.001
1733,0.001
1734,0.001
1735,0.001
1736,0.001
1737,0.383284781049
1738,0.134367798615
1739,0.220535365748
1740,0.540476322538
1741,0.842767039899
1742,1.81328601405
1743,0.21036006559
1744,0.181377244279
1745,0.506018294492
1746,1.28064631117
1747,0.942276667471
1748,1.3926389379
1749,0.607496012691
1750,1.09835445697
1751,0.550292991401
1752,0.790962017973
1753,1.67605747146
1754,0.674360568842
1755,0.562368875203
1756,0.331133724902
1757,0.001
1758,0.00777060634469
1759,0.105028735335
1760,0.0276147266574
1761,0.001
1762,0.001
1763,0.001
1764,0.001
1765,0.216568427155
1766,0.182605083439
1767,0.0993964127091
1768,0.691096334528
1769,0.001
1770,0.0856694723708
1771,0.001
1772,0.001
1773,0.001
1774,0.100953035708
1775,0.135281457635
1776,0.123472878827
1777,0.001
1778,0.001
1779,0.001
1780,0.00460688787614
1781,0.001
1782,0.0217991714868
1783,0.0155753995605
1784,0.001
1785,0.001
1786,0.001
1787,0.0420560566393
1788,0.001
1789,0.0937401699201
1790,0.001
1791,0.0554255506574
1792,0.001
1793,0.001
1794,0.116814006414
1795,0.105447659999
1796,0.001
1797,0.001
1798,0.001
1799,0.220203893383
1800,0.0950006954315
1801,0.158201505206
1802,0.429553887357
1803,0.001
1804,0.001
1805,0.001
1806,0.001
1807,0.264136096668
1808,0.354905189544
1809,0.165096439471
1810,0.0436077830188
1811,0.001
1812,0.0480749319837
1813,0.001
1814,0.001
1815,0.410396014309
1816,0.306630670925
1817,0.454932584165
1818,0.623023067351
1819,0.250181757977
1820,0.571480237514
1821,1.76199412308
1822,0.001
1823,0.0595778984342
1824,0.603598610717
1825,0.682671246527
1826,0.413501362512
1827,0.479642114957
1828,0.616715218951
1829,0.585550080104
1830,2.1693592625
1831,1.30612783834
1832,1.01556125688
1833,0.382514685053
1834,0.248601274971
1835,0.001
1836,0.001
1837,0.001
1838,0.001
1839,0.001
1840,0.001
1841,0.001
1842,0.001
1843,0.001
1844,0.0603534780935
1845,0.001
1846,0.918844604165
1847,0.879170891069
1848,0.0716153270984
1849,0.001
1850,0.001
1851,0.001
1852,0.0247617809386
1853,0.295813156983
1854,0.0421233141965
1855,0.001
1856,0.001
1857,0.001
1858,0.001
1859,0.001
1860,0.030044115404
1861,0.001
1862,0.001
1863,0.0610173573829
1864,0.001
1865,0.0195684823778
1866,0.0358228087543
1867,0.001
1868,0.139450118343
1869,1.42039224857
1870,0.001
1871,0.456827466516
1872,0.0816330524314
1873,0.0758724703394
1874,0.141319422147
1875,0.0789712398161
1876,0.167568625508
1877,0.246995072518
1878,0.201264039743
1879,0.105001369731
1880,0.001
1881,0.001
1882,0.001
1883,0.001
1884,0.194691250127
1885,0.116633612059
1886,0.296284659297
1887,0.266317529246
1888,0.204982268847
1889,0.001
1890,0.00541932069869
1891,0.001
1892,0.839816166627
1893,0.001
1894,0.09796995163
1895,0.330842494492
1896,0.001
1897,0.65458251521
1898,0.610254987955
1899,0.753996563763
1900,0.254713431608
1901,0.404046541108
1902,1.00973576573
1903,0.822725918785
1904,0.001
1905,0.001
1906,0.672777109328
1907,0.419690805941
1908,2.54067348539
1909,0.0620571800829
1910,0.642983656821
1911,0.001
1912,0.144423209861
1913,0.001
1914,0.001
1915,0.001
1916,0.001
1917,0.0266686888756
1918,0.0856646957574
1919,0.0607568931941
1920,0.0384183635751
1921,0.001
1922,0.191568945095
1923,0.401796756174
1924,0.119221992367
1925,0.267323356932
1926,0.001
1927,0.001
1928,0.0530161804983
1929,0.001
1930,0.001
1931,0.101341086593
1932,0.001
1933,0.001
1934,0.001
1935,0.001
1936,0.0249194364345
1937,0.0412895424778
1938,0.570319602082
1939,0.001
1940,0.0111015334207
1941,0.118375594509
1942,0.15264206596
1943,0.232494655197
1944,0.001
1945,0.001
1946,0.828780226414
1947,2.40873675975
1948,0.947100897076
1949,0.517813400998
1950,0.127526417203
1951,0.319524248774
1952,0.531915050854
1953,0.269578517939
1954,0.203852314532
1955,0.047312005059
1956,0.001
1957,0.001
1958,0.001
1959,0.0300908131702
1960,0.120559744626
1961,0.143526210553
1962,0.422158475995
1963,0.265940225525
1964,0.0745044438946
1965,0.797211409913
1966,0.368295084237
1967,0.028141028013
1968,0.125332459214
1969,0.247424166648
1970,0.165824301638
1971,0.309947732187
1972,0.83929073836
1973,0.957350786153
1974,0.599320355391
1975,0.698832869686
1976,0.532978076105
1977,1.0537510273
1978,0.344313272058
1979,0.531189775253
1980,0.250960991464
1981,0.761734418608
1982,0.518627070607
1983,0.658948940689
1984,1.01929896597
1985,0.912818774418
1986,1.10081513951
1987,0.134003942394
1988,0.001
1989,0.001
1990,0.001
1991,0.001
1992,0.001
1993,0.264633085755
1994,0.180365910216
1995,0.0260235755027
1996,0.0335674356432
1997,0.001
1998,0.147836626692
1999,0.0584758587834
2000,0.001
2001,0.001
2002,0.0171319679524
2003,0.001
2004,0.00212257282505
2005,0.0220148565408
2006,0.001
2007,0.0140202575961
2008,0.001
2009,0.001
2010,0.0671720254183
2011,0.001
2012,0.001
2013,0.001
2014,0.182278150051
2015,0.001
2016,0.0467593288884
2017,0.614385516133
2018,0.337558623824
2019,0.0549876724207
2020,0.431427221928
2021,0.460271857844
2022,0.468893900264
2023,0.517401072586
2024,0.121595453011
2025,0.173483750352
2026,0.001
2027,0.001
2028,0.001
2029,0.001
2030,0.001
2031,0.0296818034902
2032,0.121501178555
2033,0.237908776394
2034,0.001
2035,0.0878725394984
2036,0.037389328802
2037,0.126654406773
2038,0.0805716021987
2039,0.156793986011
2040,0.362736291032
2041,0.001
2042,0.001
2043,0.0529598533012
2044,0.138087354106
2045,1.17294328879
2046,0.495427296241
2047,0.0939268822746
2048,0.782747720242
2049,0.521002845399
2050,0.420324333148
2051,0.564985508706
2052,0.59164602103
2053,0.586031284875
2054,0.001
2055,0.117080536793
2056,1.33807416354
2057,0.0993964127091
2058,0.461169900185
2059,0.674428478627
2060,0.001
2061,0.0882563264325
2062,0.031150485882
2063,0.001
2064,0.001
2065,0.001
2066,0.178025671853
2067,0.321595422708
2068,0.123373913986
2069,0.460271857844
2070,0.001
2071,0.001
2072,0.001
2073,0.001
2074,0.001
2075,0.001
2076,0.001
2077,0.001
2078,0.0482318819356
2079,0.001
2080,0.001
2081,0.001
2082,0.001
2083,0.0846055721026
2084,0.0620491216299
2085,0.151587605533
2086,0.0416242702232
2087,0.0363299824882
2088,0.0418839882126
2089,0.0533968288374
2090,0.318746605123
2091,0.349932788108
2092,0.149346159832
2093,0.157295996912
2094,0.001
2095,0.154217935439
2096,0.319028784206
2097,0.001
2098,0.001
2099,0.001
2100,0.001
2101,0.687817033126
2102,0.001
2103,0.438059959485
2104,0.384791703434
2105,0.176864277734
2106,0.351442702807
2107,0.164330847883
2108,0.001
2109,0.001
2110,0.394786122502
2111,1.87911646201
2112,0.611059716132
2113,0.41183468183
2114,0.001
2115,0.236165806601
2116,0.307396618011
2117,0.507117333848
2118,1.11075661735
2119,2.27420007047
2120,1.01249339023
2121,0.687767460774
2122,1.04832194261
2123,0.448603065321
2124,1.84662368446
2125,0.0543281084211
2126,0.534782350274
2127,0.457408809376
2128,0.244974267913
2129,0.669713203652
2130,0.192867081395
2131,0.189227819041
2132,0.0231149849993
2133,0.194702372344
2134,0.0886244687414
2135,0.001
2136,0.0747634833152
2137,0.127691011243
2138,0.117080536793
2139,0.0797478041062
2140,0.0420618130232
2141,0.00909380910411
2142,0.001
2143,0.110475840678
2144,0.0253633358885
2145,0.117080536793
2146,0.001
2147,0.528002131767
2148,0.001
2149,0.001
2150,0.001
2151,0.0341351128049
2152,0.570318424333
2153,0.197416832258
2154,0.0606588738071
2155,0.001
2156,0.001
2157,0.0782550914956
2158,0.001
2159,0.0654094447056
2160,0.0415628091051
2161,0.0239913650059
2162,0.001
2163,0.13582017317
2164,0.001
2165,0.001
2166,0.106185862325
2167,0.001
2168,0.001
2169,0.001
2170,0.0394786302085
2171,0.779796106617
2172,0.327253687143
2173,0.715031503814
2174,0.292030741778
2175,0.0265094808314
2176,0.728332088622
2177,0.001
2178,0.0448283136096
2179,0.188143831463
2180,0.001
2181,0.253795939089
2182,0.0621482423706
2183,0.001
2184,0.001
2185,0.373188392814
2186,0.140168335578
2187,0.001
2188,0.0415431972785
2189,0.123269980222
2190,0.0237342138578
2191,0.0583676762808
2192,0.219901639045
2193,0.325418870373
2194,0.365773020338
2195,0.282351317876
2196,0.242958801574
2197,0.397736147932
2198,0.0462299699987
2199,0.0448283136096
2200,0.001
2201,0.001
2202,0.0513798929893
2203,0.0975834165196
2204,0.0706787402341
2205,0.0638157077195
2206,0.0529513339771
2207,0.001
2208,0.001
2209,0.001
2210,0.001
2211,0.001
2212,0.108236131767
2213,0.001
2214,0.117545515549
2215,0.129791330917
2216,0.00778523852416
2217,0.001
2218,0.549915891585
2219,0.0202518351437
2220,0.001
2221,0.121605184047
2222,0.109122680955
2223,0.456704636055
2224,0.331944255713
2225,0.001
2226,0.001
2227,0.001
2228,0.0329925196955
2229,0.0396451721184
2230,0.001
2231,0.0903182478783
2232,0.001
2233,0.001
2234,0.0433009148214
2235,0.001
2236,0.001
2237,0.0342556957228
2238,0.001
2239,0.127687565704
2240,0.351489244668
2241,0.697605064456
2242,0.0467093583006
2243,0.206808201023
2244,0.089702673719
2245,0.0524668608352
2246,0.152631464044
2247,0.0282446874197
2248,0.0799257379351
2249,0.001
2250,0.110864252141
2251,0.123204954498
2252,0.0450762543475
2253,0.154148543689
2254,0.0336248040272
2255,0.001
2256,0.175977920663
2257,0.668526040285
2258,0.0242388853545
2259,0.740005684905
2260,0.110270121119
2261,0.117173961856
2262,0.0519321521795
2263,0.263400646193
2264,0.0231149849993
2265,0.001
2266,0.265069086084
2267,0.803823803669
2268,0.202500684866
2269,0.085357738801
2270,0.42520034822
2271,0.162026617564
2272,0.80609362268
2273,0.109701785168
2274,0.268306152886
2275,0.0167170427168
2276,0.0841358697402
2277,0.0280982641627
2278,0.001
2279,0.001
2280,0.001
2281,0.0218044506801
2282,0.001
2283,0.001
2284,0.001
2285,0.114771600802
2286,0.0665292948769
2287,0.001
2288,0.001
2289,0.154713124406
2290,0.115007046125
2291,0.141002062828
2292,0.001
2293,0.0167692096824
2294,0.001
2295,0.0165396855871
2296,0.001
2297,0.001
2298,0.001
2299,0.001
2300,0.001
2301,0.0258933177182
2302,0.319524248774
2303,1.17151386903
2304,0.918950575725
2305,0.512576145079
2306,0.423998258139
2307,1.28158524579
2308,0.513781981425
2309,4.30680768837
2310,0.367626369748
2311,0.129453869789
2312,0.221190128992
2313,0.222119432265
2314,0.0330871062693
2315,0.0576135388228
2316,0.131500530906
2317,0.001
2318,0.001
2319,0.001
2320,0.0711865531019
2321,0.264715568632
2322,0.863158668066
2323,0.552717056866
2324,0.215419346402
2325,0.001
2326,0.001
2327,0.001
2328,0.0778891796984
2329,0.509477567079
2330,0.198861242724
2331,0.001
2332,0.138106889854
2333,0.001
2334,0.160261143225
2335,0.108656216842
2336,0.0265985772509
2337,0.157291995902
2338,0.0585322227333
2339,0.162540371047
2340,0.127691011243
2341,0.001
2342,0.0510526151824
2343,0.117080536793
2344,0.001
2345,0.324905181277
2346,0.430230683129
2347,0.681300285111
2348,0.444980230968
2349,0.416550792679
2350,0.458570149498
2351,0.219652138604
2352,0.001
2353,0.405727257261
2354,0.001
2355,0.001
2356,0.001
2357,0.001
2358,0.001
2359,0.001
2360,0.0948449271096
2361,0.123269980222
2362,0.691511767542
2363,0.454412761996
2364,0.723386667316
2365,1.25847034747
2366,0.346596155817
2367,1.28737354027
2368,0.901085999551
2369,0.677988434456
2370,0.001
2371,0.001
2372,1.94152434031
2373,0.001
2374,0.001
2375,0.620604406592
2376,0.0825688779605
2377,0.0745259477195
2378,1.12715151396
2379,0.001
2380,0.337842234838
2381,0.555622286462
2382,2.38081557353
2383,0.001
2384,0.001
2385,0.346596155817
2386,0.549612080591
2387,1.31675756842
2388,0.47183290248
2389,0.154186824834
2390,0.13822546254
2391,0.0852877640038
2392,0.10977526404
2393,0.420123905796
2394,0.0494213933637
2395,0.433557529401
2396,0.001
2397,0.0679567283274
2398,0.142949150852
2399,0.001
2400,0.001
2401,0.0543281084211
2402,0.105833903765
2403,0.0560627578461
2404,0.236996316783
2405,0.250960991464
2406,0.28653272571
2407,0.182758640479
2408,0.616334485159
2409,0.001
2410,0.001
2411,0.0231149849993
2412,0.00110756952244
2413,0.001
2414,0.0358282531743
2415,0.001
2416,0.001
2417,0.0560753499763
2418,0.13397864776
2419,0.232481508631
2420,0.469861827833
2421,0.501644250135
2422,0.168441913225
2423,1.23713664279
2424,1.00786325038
2425,0.604372434423
2426,0.400679644609
2427,0.847910050894
2428,0.187298144764
2429,0.227436928139
2430,0.14699915356
2431,0.001
2432,0.10815997527
2433,0.131845401414
2434,0.001
2435,0.026997569502
2436,0.001
2437,0.164526640544
2438,0.263310922727
2439,1.01816495956
2440,0.780448775778
2441,0.001
2442,0.520543909221
2443,0.342945451255
2444,1.14074760907
2445,0.32996741045
2446,0.001
2447,0.562990436279
2448,1.06422097039
2449,0.30060140586
2450,1.17450832571
2451,0.126435854152
2452,1.0
2453,0.858681258029
2454,0.123353579081
2455,0.0920868197831
2456,0.001
2457,0.001
2458,0.001
2459,0.001
2460,0.001
2461,0.001
2462,0.001
2463,0.001
2464,0.0383791477357
2465,0.0494731050547
2466,0.0841258096713
2467,0.001
2468,0.001
2469,0.001
2470,0.001
2471,0.0999890049467
2472,0.161383231383
2473,0.001
2474,0.001
2475,0.001
2476,0.20717705674
2477,0.226444048058
2478,0.001
2479,0.222616041287
2480,0.001
2481,0.001
2482,0.0960917982869
2483,0.143095921611
2484,0.06781688165
2485,0.001
2486,0.001
2487,0.165154649937
2488,0.0331062550476
2489,0.001
2490,0.0989766147064
2491,0.001
2492,0.119898423144
2493,0.391538007364
2494,0.158450159158
2495,0.562416057952
2496,0.767790636342
2497,0.435452947095
2498,0.572798741227
2499,1.28651980784
2500,1.45859587892
2501,0.454827631596
2502,0.301412305804
2503,0.0816297397249
2504,0.361082539814
2505,0.110501426397
2506,0.364422426855
2507,0.122454739087
2508,0.0791014793079
2509,1.06242873176
2510,0.159373302562
2511,0.872333897747
2512,0.001
2513,0.170980416723
2514,0.001
2515,0.001
2516,0.001
2517,0.00778401894004
2518,0.001
2519,0.001
2520,0.001
2521,0.001
2522,0.001
2523,0.001
2524,0.001
2525,0.001
2526,0.001
2527,0.001
2528,0.001
2529,0.001
2530,0.001
2531,0.160166930468
2532,0.400679644609
2533,0.145326928226
2534,0.001
2535,0.211839269132
2536,0.001
2537,0.001
2538,0.001
2539,0.001
2540,0.12460113177
2541,0.0975686320978
2542,0.0718719908361
2543,0.245479531205
2544,0.231052503134
2545,0.204123642884
2546,0.568685129376
2547,0.781560798691
2548,0.224507371687
2549,0.745466695603
2550,1.02815266951
2551,1.75459798742
2552,0.220819142327
2553,0.001
2554,0.001
2555,0.292415462527
2556,1.02843775215
2557,0.346596155817
2558,0.0220115655436
2559,0.101813726245
2560,0.174035051701
2561,0.163176685638
2562,0.001
2563,0.001
2564,0.001
2565,0.001
2566,0.001
2567,0.001
2568,0.0576302269648
2569,0.001
2570,0.001
2571,0.001
2572,0.001
2573,0.0871968077843
2574,0.307666054789
2575,0.0269206314941
2576,0.001
2577,0.001
2578,0.0809563229472
2579,0.195493228515
2580,0.0790689454893
2581,0.001
2582,0.001
2583,0.301519357464
2584,0.41494051433
2585,0.155083580444
2586,0.260397026296
2587,0.001
2588,0.848104138871
2589,1.52629884075
2590,0.503207499649
2591,0.439793656375
2592,0.001
2593,0.422160417981
2594,0.236165806601
2595,0.995329911234
2596,1.46616569831
2597,0.201538882994
2598,0.0916186264088
2599,0.001
2600,0.0614744054997
2601,0.33964022968
2602,0.001
2603,0.384298639695
2604,0.188276582045
2605,0.190243654018
2606,0.08291470782
2607,0.001
2608,0.001
2609,0.001
2610,0.001
2611,0.001
2612,0.001
2613,0.001
2614,0.001
2615,0.348588991765
2616,0.001
2617,0.001
2618,0.001
2619,0.001
2620,0.001
2621,0.001
2622,0.0998511895516
2623,0.001
2624,0.001
2625,0.001
2626,0.001
2627,0.18895297579
2628,0.147508865576
2629,0.238254723803
2630,0.0999074890384
2631,0.119107241643
2632,1.53344963874
2633,3.59688595958
2634,0.538053697723
2635,0.150141605907
2636,0.242997570067
2637,0.371072189069
2638,0.32544665766
2639,0.408153164866
2640,0.001
2641,0.0192952629836
2642,0.0308763956832
2643,0.001
2644,0.081155395835
2645,0.194255025405
2646,0.230491255709
2647,0.217251036936
2648,0.17040366626
2649,0.0404861534267
2650,0.00761426865263
2651,0.001
2652,0.34023374505
2653,0.0317446690648
2654,0.001
2655,0.001
2656,0.001
2657,0.001
2658,0.001
2659,0.001
2660,0.001
2661,0.460271857844
2662,0.859813769736
2663,0.0591874287345
2664,0.001
2665,0.001
2666,0.193928291949
2667,0.490312199382
2668,0.0652115964851
2669,0.215273521758
2670,0.001
2671,0.001
2672,0.0814993633642
2673,0.001
2674,0.0478981987802
2675,0.0140224071591
2676,0.001
2677,0.001
2678,0.0377316324749
2679,0.001
2680,0.227507533521
2681,0.001
2682,0.167521147622
2683,0.001
2684,0.001
2685,0.0756025601205
2686,0.001
2687,0.001
2688,0.001
2689,0.001
2690,0.001
2691,0.0342615614107
2692,0.001
2693,0.0569755712744
2694,0.001
2695,0.001
2696,0.001
2697,0.001
2698,0.01999648056
2699,1.11727237249
2700,0.0229582416154
2701,0.538362197357
2702,0.001
2703,0.0515598025723
2704,0.001
2705,0.001
2706,0.111548952939
2707,0.001
2708,0.0035504540498
2709,0.001
2710,0.001
2711,0.001
2712,0.13480756097
2713,0.001
2714,0.001
2715,0.001
2716,0.001
2717,0.001
2718,0.001
2719,0.0869421757256
2720,0.001
2721,0.0506103790335
2722,0.001
2723,0.0283594578945
2724,0.102803621433
2725,0.0976175013231
2726,0.629040428779
2727,0.154140980536
2728,0.536558475929
2729,0.319524248774
2730,0.0668987553413
2731,0.0657455722269
2732,0.001
2733,0.001
2734,0.001
2735,0.001
2736,0.265213911955
2737,0.001
2738,0.001
2739,0.001
2740,0.001
2741,0.001
2742,0.001
2743,0.376553164089
2744,0.001
2745,0.06155481302
2746,0.001
2747,0.081705279557
2748,0.218127095107
2749,0.672785527655
2750,0.14610577101
2751,0.208921781675
2752,0.391262840785
2753,0.75388456046
2754,0.786102215768
2755,0.155778915632
2756,0.146330569307
2757,0.0124617943548
2758,0.001
2759,0.001
2760,0.0887793557921
2761,0.039679991297
2762,0.001
2763,0.001
2764,0.001
2765,0.001
2766,0.001
2767,0.001
2768,0.001
2769,0.001
2770,0.001
2771,0.0654213276833
2772,0.001
2773,0.0756174231192
2774,0.8198733272
2775,0.299409231395
2776,0.210280776675
2777,0.001
2778,0.127691011243
2779,0.122781398167
2780,0.001
2781,0.001
2782,0.001
2783,0.001
2784,0.0451714030487
2785,0.001
2786,0.001
2787,0.001
2788,0.001
2789,0.001
2790,0.001
2791,0.001
2792,0.001
2793,0.001
2794,0.105056375752
2795,0.001
2796,0.0677826156059
2797,0.001
2798,0.001
2799,0.584261536569
2800,0.16231079167
2801,0.245412109253
2802,0.652814102801
2803,1.51213775523
2804,0.349526200918
2805,0.001
2806,0.001
2807,0.001
2808,0.126545731649
2809,0.144063730837
2810,0.001
2811,0.001
2812,0.138746918105
2813,0.001
2814,0.0297467406834
2815,0.310749583125
2816,0.0840353003139
2817,0.133904478253
2818,0.148090220387
2819,0.987283540204
2820,0.001
2821,0.069663486348
2822,0.001
2823,0.0512265492837
2824,0.0861273127809
2825,0.285520219052
2826,0.210273256319
2827,0.222708975649
2828,0.0490098501178
2829,0.001
2830,0.0494074339923
2831,0.0231149849993
2832,0.105815627923
2833,0.0758724703394
2834,0.797597642925
2835,0.325036600339
2836,0.937657526157
2837,0.444925073012
2838,0.104919449865
2839,0.001
2840,0.001
2841,0.001
2842,0.001
2843,0.001
2844,0.379110436732
2845,0.220203893383
2846,0.166835960392
2847,0.001
2848,0.0545036068239
2849,0.001
2850,0.136381277762
2851,0.133637837538
2852,0.200641885647
2853,0.546261840894
2854,0.539728142156
2855,2.00482884576
2856,1.52228640879
2857,1.3883617489
2858,0.267973840662
2859,0.001
2860,0.001
2861,0.001
2862,0.001
2863,0.0499038198129
2864,0.001
2865,0.001
2866,0.001
2867,0.001
2868,0.001
2869,0.001
2870,0.001
2871,0.001
2872,0.001
2873,0.001
2874,0.0171325745435
2875,0.0047789791988
2876,0.0706787402341
2877,0.0159385164437
2878,0.270629496721
2879,0.342897346945
2880,0.31484050526
2881,0.841992864678
2882,0.669891203347
2883,0.543585072086
2884,0.001
2885,0.001
2886,0.001
2887,0.0905864707674
2888,0.001
2889,0.001
2890,0.001
2891,0.001
2892,0.149330374439
2893,0.112464554982
2894,0.001
2895,0.390409375907
2896,0.90814112498
2897,0.76678290919
2898,0.170101659111
2899,0.863751118868
2900,1.14050555609
2901,0.421842557337
2902,0.0623082924652
2903,0.121941240393
2904,0.140173066906
2905,0.001
2906,0.001
2907,0.001
2908,0.001
2909,0.001
2910,0.204982268847
2911,0.001
2912,0.154226476764
2913,0.163386782741
2914,0.104841063504
2915,0.001
2916,0.376641911836
2917,0.00131912799912
2918,0.001
2919,0.001
2920,0.0415958081263
2921,0.139621592436
2922,0.0934658819253
2923,0.001
2924,0.001
2925,0.001
2926,0.001
2927,0.0482814393557
2928,0.001
2929,0.001
2930,0.001
2931,0.001
2932,0.12717212288
2933,0.170829942618
2934,0.121477982596
2935,0.001
2936,0.001
2937,0.001
2938,0.001
2939,0.001
2940,0.001
2941,0.001
2942,0.001
2943,0.001
2944,0.0202529299475
2945,0.246656470363
2946,0.0786552655384
2947,0.0188469829686
2948,0.541427253678
2949,0.001
2950,0.001
2951,0.0576264670746
2952,0.001
2953,0.001
2954,0.001
2955,0.001
2956,0.0389384546469
2957,0.001
2958,0.001
2959,0.0113002375568
2960,0.001
2961,0.220203893383
2962,0.001
2963,0.180682596899
2964,0.441795961045
2965,0.322011565544
2966,0.108036432891
2967,0.280766077553
2968,0.0568749074676
2969,0.001
2970,0.001
2971,0.001
2972,0.001
2973,0.001
2974,0.0206034696378
2975,0.001
2976,0.001
2977,0.001
2978,0.001
2979,0.001
2980,0.001
2981,0.001
2982,0.001
2983,0.001
2984,0.001
