0,0.001
1,0.001
2,0.001
3,0.001
4,0.001
5,0.001
6,0.001
7,0.001
8,0.001
9,0.001
10,0.001
11,0.001
12,0.001
13,0.001
14,0.001
15,0.001
16,0.001
17,0.287686271459
18,0.001
19,0.001
20,0.001
21,0.0548220253959
22,0.001
23,0.16560569226
24,0.001
25,0.001
26,0.001
27,0.001
28,0.001
29,0.076792504039
30,0.001
31,0.001
32,0.001
33,0.001
34,0.0543070676012
35,0.001
36,0.001
37,0.001
38,0.001
39,0.001
40,0.001
41,0.001
42,0.001
43,0.001
44,0.001
45,0.001
46,0.00467130931066
47,0.001
48,0.130862404421
49,0.319253076119
50,0.385490489053
51,0.001
52,0.001
53,0.001
54,0.001
55,0.001
56,0.21885411733
57,0.160835639813
58,0.001
59,0.001
60,0.0165053436915
61,0.001
62,0.236165806601
63,0.001
64,0.001
65,0.001
66,0.001
67,0.177960018269
68,0.152645623321
69,0.001
70,0.0872175867502
71,0.001
72,0.001
73,0.001
74,0.001
75,0.001
76,0.001
77,0.0402183893747
78,0.0473108150918
79,0.141736169221
80,0.0768729592641
81,0.001
82,0.001
83,0.001
84,0.220110829759
85,0.145629024587
86,0.001
87,0.001
88,0.001
89,0.001
90,0.001
91,0.001
92,0.001
93,0.001
94,0.001
95,0.001
96,0.191444582333
97,0.001
98,0.001
99,0.001
100,0.001
101,0.001
102,0.0467122471647
103,0.00839888846349
104,0.001
105,0.001
106,0.001
107,0.337473265544
108,0.001
109,0.001
110,0.001
111,0.001
112,0.001
113,0.199569740466
114,0.001
115,0.001
116,0.001
117,0.001
118,0.001
119,0.0311434973372
120,0.001
121,0.0278266392358
122,0.001
123,0.132271560892
124,0.001
125,0.001
126,0.001
127,0.0965387946038
128,0.00306988517058
129,0.131162380632
130,0.104644129925
131,0.001
132,0.0467146962284
133,0.0531371329057
134,0.001
135,0.001
136,0.001
137,0.0682464162951
138,0.001
139,0.001
140,0.0124832440484
141,0.0295959844222
142,0.001
143,0.001
144,0.001
145,0.071001279858
146,0.001
147,0.001
148,0.205572953913
149,0.087787655333
150,0.270354406958
151,0.128854056141
152,0.0966560389431
153,0.107471069034
154,0.001
155,0.001
156,0.073520036218
157,0.386749849223
158,0.0856629638989
159,0.001
160,0.0742173163846
161,0.001
162,0.001
163,0.001
164,0.001
165,0.001
166,0.001
167,0.001
168,0.0498330963361
169,0.001
170,0.001
171,0.185344817762
172,0.0316713519569
173,0.001
174,0.001
175,0.0654173608361
176,0.0436498457236
177,0.100215618548
178,0.199587969091
179,0.240452455224
180,0.202893219332
181,0.001
182,0.103184280436
183,0.200899439973
184,0.118433946962
185,0.0202481475348
186,0.117080536793
187,0.0935367218238
188,0.001
189,0.001
190,0.001
191,0.001
192,0.00537167062135
193,0.001
194,0.001
195,0.001
196,0.001
197,0.001
198,0.001
199,0.001
200,0.0296255393274
201,0.107857602856
202,0.001
203,0.001
204,0.109632758721
205,0.258765276781
206,0.200905329094
207,0.0566209596357
208,0.0434402349211
209,0.0497379229447
210,0.001
211,0.101246894749
212,0.001
213,0.001
214,0.001
215,0.001
216,0.0186909524203
217,0.00541932069869
218,0.001
219,0.0521712641437
220,0.010978735185
221,0.0455909093727
222,0.063504611421
223,0.0608431603418
224,0.001
225,0.0986990482881
226,0.117383119227
227,0.001
228,0.001
229,0.0436448763664
230,0.0327022760622
231,0.0923038562314
232,0.189950763377
233,0.101268455157
234,0.120906726946
235,0.253738235547
236,0.0803972662604
237,0.001
238,0.001
239,0.001
240,0.0513916435532
241,0.001
242,0.001
243,0.510871554453
244,0.001
245,0.0450948104561
246,0.001
247,0.001
248,0.001
249,0.128076042496
250,0.001
251,0.0402280736192
252,0.001
253,0.001
254,0.018387235394
255,0.001
256,0.144844457346
257,0.0502619907726
258,0.312789153943
259,0.188497449171
260,0.206122328625
261,0.207502054597
262,0.148358176222
263,0.249206886639
264,0.0529555954689
265,0.052466075669
266,0.0903489064459
267,0.0732145812486
268,0.0247658959151
269,0.001
270,0.001
271,0.0452932353837
272,0.145264325576
273,0.028905432488
274,0.0907909515119
275,0.208921781675
276,0.001
277,0.0444217824948
278,0.0685489528353
279,0.263497863692
280,0.0957680541672
281,0.0903118468642
282,0.715958061139
283,0.001
284,0.001
285,0.001
286,0.384688453021
287,0.0975749337616
288,0.518679110286
289,0.119925371392
290,0.336699122117
291,0.597146790243
292,0.190010420114
293,0.218056123912
294,0.001
295,0.0424842480931
296,0.001
297,0.154191308471
298,0.001
299,0.0608511642062
300,0.001
301,0.001
302,0.0310919884652
303,0.001
304,0.001
305,0.001
306,0.001
307,0.001
308,0.00436811606793
309,0.0923682558956
310,0.113755164836
311,0.118868398648
312,0.0810108121874
313,0.001
314,0.0428941653783
315,0.0305615599361
316,0.168220668078
317,0.357057659406
318,0.211391567044
319,0.518641784867
320,0.208921781675
321,0.32953874887
322,0.325716370321
323,0.110073880797
324,0.270694309761
325,0.128919170777
326,0.136356110737
327,0.0879017320549
328,0.228393436301
329,0.001
330,0.119944701379
331,0.0845520918621
332,0.0378745203412
333,0.0991597088915
334,0.127390840321
335,0.001
336,0.001
337,0.001
338,0.001
339,0.001
340,0.001
341,0.294707213243
342,0.0715745734154
343,0.0576903431188
344,0.001
345,0.115263141305
346,0.001
347,0.618912178317
348,0.204112904395
349,0.001
350,0.679594140319
351,0.804839422715
352,0.302124438046
353,0.805424911766
354,0.823964388469
355,0.007804285317
356,0.721561876396
357,0.877234542418
358,0.001
359,0.587836684884
360,0.33540900884
361,0.367581012388
362,0.310695498909
363,0.193164715379
364,0.186244481029
365,0.10802748114
366,0.414231998195
367,0.180672706345
368,0.001
369,0.23361625271
370,0.001
371,0.0641447470392
372,0.001
373,0.001
374,0.123041912808
375,0.001
376,0.001
377,0.001
378,0.001
379,0.001
380,0.12915228261
381,0.001
382,0.0158658926829
383,0.118733614176
384,0.227809771393
385,0.001
386,0.317799537292
387,0.001
388,0.189425488246
389,0.860951502452
390,0.531067096414
391,0.949191485397
392,1.00299528311
393,1.36132275751
394,0.521926939193
395,1.07843307488
396,0.007804285317
397,0.128480701474
398,0.561215866003
399,0.352853252898
400,0.40340118286
401,0.480182145666
402,0.232293843127
403,0.362172571867
404,0.267883222112
405,0.145326928226
406,0.12771072977
407,0.113024823614
408,0.196111325096
409,0.0220115655436
410,0.0583676762808
411,0.236100985941
412,0.31166999082
413,0.001
414,0.001
415,0.001
416,0.001
417,0.0794464596419
418,0.225941255906
419,0.113792934752
420,0.001
421,0.0537983654216
422,0.0258933177182
423,0.0278176874856
424,0.0652926497545
425,0.655199967102
426,1.669735823
427,1.91828771137
428,2.55284062493
429,1.38225619335
430,1.04690541222
431,0.723386482303
432,0.970078714106
433,1.38894687897
434,1.08385031123
435,0.336449159944
436,0.075052114287
437,0.323467965661
438,0.325964948299
439,0.46454701256
440,0.579507734684
441,0.15128122198
442,0.151929896597
443,0.001
444,0.001
445,0.269277838883
446,0.001
447,0.363259168514
448,0.221285219404
449,0.0669922492316
450,0.0809958643932
451,0.001
452,0.001
453,0.0498350551084
454,0.001
455,0.001
456,0.001
457,0.21061616775
458,0.0323185645708
459,0.001
460,0.001
461,0.185360220729
462,0.0705808269936
463,0.001
464,0.587160600458
465,1.12574889553
466,1.43259138613
467,0.858924386736
468,0.562867979176
469,1.22542079257
470,0.925266506411
471,0.939971569477
472,1.3027393939
473,0.68818812876
474,0.001
475,0.791069654777
476,0.942106898287
477,0.141596820334
478,0.330349246276
479,0.514056802092
480,0.128854056141
481,0.199684475603
482,0.17111996066
483,0.247623799212
484,0.24630535603
485,0.317716275312
486,0.0558063106635
487,0.126327949705
488,0.001
489,0.001
490,0.001
491,0.001
492,0.001
493,0.001
494,0.0448149587858
495,0.179262468728
496,0.001
497,0.306858689506
498,0.187663462606
499,0.001
500,1.11566548574
501,1.54643217383
502,1.30986175409
503,2.21792531627
504,1.49526910178
505,1.27803604518
506,1.46887446099
507,0.759721464183
508,1.31754708886
509,0.507624613808
510,0.439248990612
511,0.675240300961
512,0.632591042271
513,0.531851870879
514,0.492211039163
515,0.855056640828
516,0.324281864062
517,0.298898455061
518,0.205154344418
519,0.244568286607
520,0.424029679917
521,0.001
522,0.001
523,0.0871368927708
524,0.001
525,0.001
526,0.001
527,0.001
528,0.0887737296035
529,0.001
530,0.001
531,0.001
532,0.146403281844
533,0.053732888127
534,0.171616663618
535,0.111620526695
536,0.001
537,0.296752155526
538,1.61650222564
539,2.39265019579
540,1.305831134
541,1.45462019166
542,1.32835146035
543,1.35278960515
544,0.740053091938
545,0.516168163778
546,0.377419203136
547,0.001
548,0.270334317955
549,0.610567819592
550,0.376060080996
551,0.331926198713
552,0.001
553,0.288320971251
554,0.527668386799
555,0.285714285714
556,1.0
557,0.159276580052
558,0.056198254006
559,0.158787842074
560,0.001
561,0.001
562,0.0046738948405
563,0.001
564,0.001
565,0.001
566,0.001
567,0.0810106298074
568,0.001
569,0.001
570,0.001
571,0.146254344229
572,0.122211943226
573,0.001
574,0.197097064075
575,0.953189391572
576,2.17405092365
577,1.22854794325
578,1.37988864751
579,1.01410937439
580,1.09406570785
581,0.787732334198
582,0.26544208202
583,0.264954720211
584,0.389750814679
585,0.59954998323
586,0.618507265173
587,0.179115202081
588,0.312245623527
589,0.579393177064
590,0.320197839298
591,0.599915301071
592,0.403999455176
593,0.395649133017
594,0.196551388601
595,0.001
596,0.0763396739647
597,0.001
598,0.001
599,0.001
600,0.001
601,0.001
602,0.001
603,0.001
604,0.001
605,0.085657269237
606,0.001
607,0.001
608,0.106255714219
609,0.229197937162
610,0.001
611,0.001
612,0.001
613,0.0845960093656
614,0.216308916275
615,0.001
616,0.0896940305281
617,0.698640710782
618,0.001
619,0.259366122601
620,0.240010957848
621,0.001
622,0.001
623,0.056064590266
624,0.00779096806898
625,0.0223494137126
626,0.256984945977
627,1.06694859244
628,0.718044114019
629,0.68625993055
630,0.10748496393
631,0.384528127908
632,0.046717820304
633,0.001
634,0.204117250732
635,0.001
636,0.001
637,0.285714285714
638,0.285023568066
639,0.323617983826
640,0.238746918105
641,0.191684941179
642,0.161123534847
643,0.001
644,0.084124990992
645,0.001
646,0.001
647,0.233333433005
648,0.497105852758
649,0.0295849372028
650,0.001
651,0.001
652,0.001
653,0.001
654,0.001
655,0.001
656,0.001
657,0.254472775428
658,0.165094881748
659,0.001
660,0.001
661,0.001
662,0.001
663,0.0723699903451
664,0.122211943226
665,0.141761434199
666,0.126435854152
667,0.001
668,0.138190112741
669,0.0690713068941
670,0.0186676482196
671,0.001
672,0.0311530675689
673,0.100337880046
674,0.001
675,0.0623000462918
676,0.001
677,0.136454530061
678,0.001
679,0.001
680,0.518439735861
681,1.5111166007
682,1.15740883824
683,1.78417136105
684,0.001
685,0.001
686,0.581964117766
687,0.226458997832
688,0.232332005627
689,0.398019857485
690,0.26422421499
691,0.257457209052
692,1.03643121144
693,0.580983416039
694,0.22723350028
695,0.306307917985
696,0.316240754315
697,0.303842617614
698,0.224279701816
699,0.0670720536962
700,0.0492506984867
701,0.29750004082
702,0.110405336591
703,0.001
704,0.001
705,0.0254903035805
706,0.00921838264029
707,0.001
708,0.001
709,0.0972013045457
710,0.0409243721684
711,0.155692080485
712,0.213366851669
713,0.0815312425335
714,0.001
715,0.001
716,0.112152191465
717,0.142980726021
718,0.001
719,0.299619871247
720,0.147320652071
721,0.141338458825
722,0.208723070929
723,0.333009142265
724,0.001
725,0.0732122947129
726,0.001
727,0.001
728,0.001
729,0.001
730,0.677740985826
731,0.452721960968
732,0.38912638422
733,0.907779985421
734,0.44843251419
735,0.546956806055
736,1.310892272
737,0.562182196454
738,0.524386533953
739,1.97929793946
740,1.5195385694
741,0.440313198057
742,0.0249190828364
743,0.174712222153
744,1.20638536341
745,1.09719661374
746,0.917609959163
747,0.639675859183
748,0.75383956812
749,0.658815347454
750,0.735113760428
751,0.104213397422
752,0.151753185783
753,0.343795872765
754,0.353567139217
755,0.0903181646711
756,0.297464992234
757,0.001
758,0.213305442527
759,0.255827655645
760,0.0436448763664
761,0.0498506087339
762,0.001
763,0.0218094874658
764,0.0467287996964
765,0.001
766,0.129283919237
767,0.0258984839502
768,0.0947854055193
769,0.0981031163935
770,0.001
771,0.147969316256
772,0.0926903057777
773,0.262526417265
774,0.224298943907
775,0.242885397823
776,0.001
777,0.001
778,0.381643281568
779,0.173041222755
780,0.165099699244
781,0.0768342722108
782,0.001
783,0.001
784,0.001
785,0.001
786,0.379354763056
787,0.553330819077
788,0.531013910946
789,0.506532162015
790,0.879335915547
791,0.787578763677
792,0.988646242525
793,0.965840615702
794,1.18990397055
795,1.17701965514
796,0.001
797,0.895792353706
798,0.001
799,0.211513616324
800,1.31214777983
801,1.0
802,1.12655969029
803,0.864391458981
804,0.813741368354
805,0.436081267486
806,0.001
807,0.294363655919
808,0.183072287064
809,1.41286579968
810,0.476427757393
811,0.232426405171
812,0.918844604165
813,0.404825807368
814,0.563946127135
815,0.001
816,0.333278528449
817,0.141716148919
818,0.001
819,0.001
820,0.0934508399104
821,0.001
822,0.001
823,0.318891298665
824,0.0553976030798
825,0.107999840724
826,0.144871401957
827,0.373797159658
828,0.121340522516
829,0.001
830,0.0774796739546
831,0.28191747782
832,0.238447867645
833,0.289302261232
834,0.237488898161
835,0.217610679204
836,0.343662808596
837,0.338434644062
838,0.517751052389
839,0.637344934112
840,0.0947102359348
841,0.0771149953639
842,0.0428282662465
843,0.001
844,0.001
845,0.001
846,0.397602413978
847,0.749142594895
848,0.830523790861
849,0.633946434767
850,0.826353371275
851,1.46791336205
852,1.046766044
853,1.24195410108
854,1.3192957893
855,2.42827952073
856,2.01869290724
857,0.648949810835
858,0.793737567498
859,2.18035515596
860,1.37902294946
861,1.15691232168
862,0.734964539677
863,0.269801604187
864,0.480547463508
865,0.644820999594
866,0.654621821115
867,0.674403911934
868,0.940737311531
869,0.557853868951
870,0.285075735165
871,0.0424136125142
872,0.11414632806
873,0.117751075648
874,0.372092382569
875,0.620883537991
876,0.439782014739
877,0.0533653042669
878,0.0152921857267
879,0.001
880,0.001
881,0.001
882,0.001
883,0.0746386389923
884,0.001
885,0.0630321391355
886,0.0279847077348
887,0.001
888,0.001
889,0.001
890,0.260512128134
891,0.192343317257
892,0.640429100191
893,0.0039021426585
894,0.001
895,0.0745259477195
896,0.18845750409
897,0.001
898,0.001
899,0.345606211482
900,0.11777963731
901,0.20403956786
902,0.409585483498
903,0.136252166484
904,0.182233390741
905,0.257323716367
906,0.001
907,0.001
908,0.001
909,0.288143165006
910,0.12951362014
911,0.413598015238
912,0.427129773416
913,0.707903819177
914,2.0549209683
915,1.57656062192
916,1.64785064418
917,1.80832331009
918,0.696733616315
919,0.827624921482
920,0.698640710782
921,0.954135748047
922,2.57147754274
923,2.07071627663
924,1.55778787218
925,0.768582563708
926,0.081155395835
927,0.739053600344
928,0.472001153883
929,0.426555285047
930,0.001
931,0.577326674266
932,0.400968158459
933,0.102414349163
934,0.252369718872
935,0.594955873688
936,0.293099920798
937,0.502891859176
938,1.13701751059
939,0.375704863855
940,0.001
941,0.001
942,0.001
943,0.0323035303471
944,0.001
945,0.00568080829477
946,0.001
947,0.001
948,0.00645382149082
949,0.0276131889196
950,0.001
951,0.001
952,0.13149499983
953,0.0326558162508
954,0.35194505131
955,0.346596155817
956,0.0794349322974
957,0.0535730473472
958,0.188276582045
959,0.16756951715
960,0.234916133721
961,0.331552874542
962,0.206731952236
963,0.115754852151
964,0.0283594578945
965,0.001
966,0.0872002555009
967,0.001
968,0.001
969,0.001
970,0.001
971,0.277074782142
972,0.581068790239
973,0.640328181437
974,0.852761830806
975,1.0727958271
976,1.2803843565
977,1.65395738859
978,1.12963406808
979,1.42826100485
980,0.989202159538
981,0.290935694852
982,0.85925239093
983,0.985028219796
984,1.30346805912
985,0.786428713636
986,0.483583992372
987,1.30680768837
988,1.07937847462
989,1.20133744306
990,0.649199634536
991,0.614560380297
992,0.412971273839
993,0.384135187313
994,0.001
995,0.0482788848484
996,0.365998092257
997,0.623261772507
998,0.577576857783
999,1.08127231966
1000,0.885765332304
1001,0.296033906653
1002,0.283539490689
1003,0.001
1004,0.111023495379
1005,0.001
1006,0.139127581549
1007,0.0560588179952
1008,0.001
1009,0.001
1010,0.001
1011,0.001
1012,0.0125953362021
1013,0.001
1014,0.001
1015,0.001
1016,0.001
1017,0.128705306604
1018,0.425238694593
1019,0.289691061014
1020,0.105412558314
1021,0.102644835157
1022,0.001
1023,0.204032959922
1024,0.366761911109
1025,0.341132959714
1026,0.356635945172
1027,0.330896126392
1028,0.507777587094
1029,0.001
1030,0.001
1031,0.001
1032,0.41784356335
1033,0.151085155324
1034,0.001
1035,0.122211943226
1036,0.832343937498
1037,0.42816709752
1038,1.20203893383
1039,1.04067052185
1040,1.9696842974
1041,0.924655911762
1042,0.61594076973
1043,0.952228187158
1044,1.04969379067
1045,1.41976060209
1046,1.39907770654
1047,0.605145987025
1048,1.6664347848
1049,0.340916096451
1050,1.25591621352
1051,0.001
1052,0.565813277959
1053,0.601681851111
1054,0.197279560139
1055,0.278892483409
1056,0.96233008025
1057,0.411080784304
1058,0.430961030521
1059,0.0231076198996
1060,0.451613520053
1061,0.292557564741
1062,0.236089212757
1063,0.302500684866
1064,0.538200364317
1065,0.292039154394
1066,0.001
1067,0.216520559514
1068,0.443947648349
1069,0.101911122729
1070,0.230660155142
1071,0.001
1072,0.001
1073,0.001
1074,0.001
1075,0.001
1076,0.001
1077,0.001
1078,0.001
1079,0.094590722518
1080,0.0366846745684
1081,0.001
1082,0.001
1083,0.0591844658505
1084,0.12717212288
1085,0.116203380146
1086,0.384696910038
1087,0.001
1088,0.001
1089,0.0979542899029
1090,0.517928373504
1091,0.26955825894
1092,0.378978782182
1093,0.376921466197
1094,0.146653189448
1095,0.352124506633
1096,0.50935507924
1097,0.0939523475975
1098,0.168150660748
1099,0.41987639352
1100,0.001
1101,0.255017979695
1102,0.105905074475
1103,0.0844885982711
1104,0.001
1105,0.386040175555
1106,1.2570302274
1107,0.942750847841
1108,1.12339963142
1109,1.32015334458
1110,1.54474728603
1111,0.990714334877
1112,1.20864452608
1113,0.952899102924
1114,1.52865991638
1115,1.21243634982
1116,0.665113061623
1117,1.06237233475
1118,0.991814485143
1119,0.291362160569
1120,0.442230512812
1121,0.607816988516
1122,0.663077980615
1123,0.320930893871
1124,0.563241248265
1125,0.588428993855
1126,0.653403844183
1127,0.380031730928
1128,0.247740811147
1129,0.46570641926
1130,0.541427253678
1131,0.0405862472418
1132,0.261949540691
1133,0.382554145366
1134,0.437900417034
1135,0.129282654988
1136,0.001
1137,0.0333523379133
1138,0.16977286929
1139,0.140188525193
1140,0.450555703024
1141,0.188111962119
1142,0.001
1143,0.001
1144,0.001
1145,0.001
1146,0.103302856429
1147,0.281450921193
1148,0.001
1149,0.001
1150,0.001
1151,0.144071336653
1152,0.203666959509
1153,0.18398923301
1154,0.001
1155,0.001
1156,0.216195553686
1157,0.188156139672
1158,0.0311526819963
1159,0.971858971987
1160,1.70868232734
1161,0.808488282738
1162,0.570188639007
1163,0.388447699568
1164,0.390010107914
1165,0.208921781675
1166,0.001
1167,0.561010228088
1168,0.363817609928
1169,0.645061146124
1170,0.669757000185
1171,0.001
1172,0.001
1173,0.19122210443
1174,0.545572844824
1175,0.951235557427
1176,0.897107305371
1177,0.106288649991
1178,0.6802281063
1179,0.815489543837
1180,2.10904721805
1181,0.932160634449
1182,1.32522563424
1183,0.544351814533
1184,0.214234667696
1185,0.161976572227
1186,0.81074532388
1187,0.138628109529
1188,0.0487131092252
1189,0.79889114972
1190,0.501941789614
1191,0.493717888535
1192,0.251832843942
1193,0.277216757395
1194,0.180984533961
1195,0.43923542486
1196,0.001
1197,0.283278995716
1198,0.352208870776
1199,0.0627024203663
1200,0.271625235062
1201,0.0762104190262
1202,0.699329979884
1203,0.0039021426585
1204,0.001
1205,0.12717212288
1206,0.267958300374
1207,0.599636188509
1208,0.671336060467
1209,0.188276582045
1210,0.319524248774
1211,0.001
1212,0.001
1213,0.001
1214,0.0327408762235
1215,0.001
1216,0.0841100192628
1217,0.0336013224865
1218,0.001
1219,0.102804939019
1220,0.160422511538
1221,0.0652926497545
1222,0.138611262292
1223,0.001
1224,0.001
1225,0.001
1226,0.001
1227,0.297179310768
1228,1.39926399421
1229,0.688884292054
1230,0.27743001213
1231,0.167371771244
1232,0.247857271124
1233,0.210051613192
1234,0.001
1235,0.323024823263
1236,0.434520369956
1237,0.327809771393
1238,0.533626090092
1239,0.001
1240,0.0845373597233
1241,0.0277055554867
1242,0.156057728655
1243,0.001
1244,0.288184071083
1245,1.09950190367
1246,0.270625247982
1247,0.368440606532
1248,1.59980734061
1249,2.34659615582
1250,0.151929896597
1251,1.17656962774
1252,0.400704909215
1253,0.001
1254,0.258518269579
1255,0.449244255813
1256,0.355474851042
1257,0.386379754018
1258,1.03106374016
1259,0.673163696346
1260,0.433550390841
1261,0.31575954529
1262,0.001
1263,0.001
1264,0.302500684866
1265,0.001
1266,0.167225288311
1267,0.0652926497545
1268,0.001
1269,0.001
1270,0.24919507541
1271,0.168562776117
1272,0.498426094319
1273,0.197485037305
1274,0.272525694964
1275,0.153840784123
1276,0.535342249122
1277,0.41784356335
1278,0.001
1279,0.0220048810619
1280,0.001
1281,0.0840888448026
1282,0.001
1283,0.0258933177182
1284,0.001
1285,0.001
1286,0.001
1287,0.001
1288,0.001
1289,0.001
1290,0.161529603115
1291,0.105889921156
1292,0.0123227424619
1293,0.207469520618
1294,0.775563933668
1295,0.749557976449
1296,1.05194279138
1297,1.66255788787
1298,0.9517723353
1299,0.626151208051
1300,0.183266874675
1301,0.220203893383
1302,0.473706591681
1303,0.0879017320549
1304,0.489105204774
1305,0.587862462916
1306,0.570618091658
1307,0.573866900081
1308,0.27905517446
1309,0.102819597243
1310,0.001
1311,0.263192223338
1312,0.425773826212
1313,0.889320862373
1314,0.964195614285
1315,0.203149033667
1316,0.9342420269
1317,0.133957073526
1318,0.382930698696
1319,0.546695895472
1320,0.58204353644
1321,0.001
1322,0.34352084468
1323,0.365511555518
1324,1.0
1325,0.414701871321
1326,0.592689148543
1327,0.470728726129
1328,0.638899422815
1329,0.264769575621
1330,0.197774403434
1331,0.158741155576
1332,0.001
1333,0.001
1334,0.0711470132632
1335,0.142499903051
1336,0.001
1337,0.11613507255
1338,0.103476398267
1339,0.123269980222
1340,0.425728518005
1341,0.242434082224
1342,0.387842917644
1343,0.199038198129
1344,0.001
1345,0.609010385712
1346,0.174055449848
1347,0.107479215066
1348,0.26568114581
1349,0.001
1350,0.0813061377322
1351,0.001
1352,0.0057326189678
1353,0.0794425574165
1354,0.001
1355,0.001
1356,0.001
1357,0.001
1358,0.001
1359,0.001
1360,0.0879017320549
1361,0.001
1362,0.001
1363,0.001
1364,0.001
1365,0.924236461783
1366,0.983452658682
1367,0.878980579194
1368,2.00827727535
1369,1.75848096928
1370,0.981001097149
1371,0.618273952789
1372,0.397639257932
1373,0.59250236511
1374,0.188276582045
1375,0.138856795603
1376,0.637875217925
1377,0.25160936511
1378,0.374015027032
1379,0.0522247612165
1380,0.173718881883
1381,0.001
1382,0.001
1383,0.0295894525261
1384,0.0269302713122
1385,0.333854609262
1386,0.001
1387,0.001
1388,0.594164921264
1389,0.801890890096
1390,0.882707715886
1391,0.731499288856
1392,0.0989009536551
1393,0.001
1394,0.210432480379
1395,0.39719836372
1396,1.01162410533
1397,0.426692413714
1398,0.265567493006
1399,1.3400221892
1400,0.170126111018
1401,0.331134986011
1402,0.220203893383
1403,0.001
1404,0.386998619243
1405,0.223464773106
1406,0.257696249477
1407,0.205571332084
1408,0.151859127998
1409,0.0490393704075
1410,0.425717397221
1411,0.0652926497545
1412,0.227060006638
1413,0.125501384308
1414,0.0825509861562
1415,0.114773659068
1416,0.33694074059
1417,0.48512206505
1418,0.121471782052
1419,0.214585328111
1420,0.430230683129
1421,0.001
1422,0.113603454145
1423,0.0888171030036
1424,0.001
1425,0.001
1426,0.102257117595
1427,0.0875278416428
1428,0.158857043027
1429,0.0920474935432
1430,0.0995177184502
1431,0.001
1432,0.0373763355267
1433,0.001
1434,0.001
1435,0.001
1436,0.0700706322516
1437,0.001
1438,0.370606308313
1439,0.0905652985658
1440,0.522159621833
1441,1.4268318979
1442,1.35830144253
1443,1.30118507179
1444,1.59165753835
1445,1.17429204209
1446,0.421269518667
1447,0.52116680836
1448,0.342295330407
1449,0.461060265161
1450,0.147413970533
1451,0.310488525271
1452,0.27609151821
1453,0.133907612498
1454,0.173758460022
1455,0.140368283976
1456,0.442138278427
1457,0.0846508419618
1458,0.001
1459,0.226687635764
1460,0.509073210325
1461,0.599396412709
1462,0.0746386389923
1463,0.16004013362
1464,0.221516967298
1465,0.207684246392
1466,0.969921803522
1467,1.14482419484
1468,0.360065908259
1469,0.215635000603
1470,0.001
1471,0.270502699873
1472,0.001
1473,0.179813532881
1474,0.0816158869468
1475,0.0421233141965
1476,0.001
1477,0.001
1478,0.0745259477195
1479,0.0463806356446
1480,0.0706787402341
1481,0.153702189456
1482,0.001
1483,0.130061026348
1484,0.155001051777
1485,0.169728030798
1486,0.001
1487,0.0980885810547
1488,0.0853083459797
1489,0.001
1490,0.001
1491,0.482890794542
1492,0.707177222757
1493,0.001
1494,0.248985144854
1495,0.352659968663
1496,0.893927253232
1497,0.177193058067
1498,0.0443253799843
1499,0.001
1500,0.001
1501,0.249186442677
1502,0.0233615145426
1503,0.0420594180569
1504,0.0365161244937
1505,0.0077419215982
1506,0.001
1507,0.132974634705
1508,0.0366307362549
1509,0.001
1510,0.001
1511,0.001
1512,0.001
1513,0.001
1514,0.0541608336548
1515,0.0355298781272
1516,0.171674434019
1517,0.48560036655
1518,0.23380546508
1519,0.561964896459
1520,0.704408431113
1521,0.001
1522,0.001
1523,0.204590612332
1524,0.435366914245
1525,0.0882731179428
1526,0.0506115009591
1527,0.0965702280683
1528,0.001
1529,0.001
1530,0.175660194831
1531,0.001
1532,0.0240181258368
1533,0.001
1534,0.0188724132117
1535,0.69619511978
1536,0.534212313259
1537,0.341445825543
1538,0.001
1539,0.109122680955
1540,0.0330252038031
1541,0.641319969462
1542,0.91622704688
1543,0.523247191331
1544,0.116800032818
1545,0.47930487442
1546,0.175282298678
1547,0.370988130882
1548,0.691594826114
1549,1.07843555081
1550,0.001
1551,0.13329416565
1552,0.140167189742
1553,0.076792504039
1554,0.001
1555,0.319524248774
1556,0.001
1557,0.001
1558,0.001
1559,0.179658030528
1560,0.213351031469
1561,0.253796556
1562,0.285242054062
1563,0.669720523975
1564,0.001
1565,0.001
1566,0.352795705128
1567,0.344844694845
1568,0.214206090761
1569,0.282989170126
1570,0.262389667581
1571,1.3425310141
1572,0.113167565666
1573,0.001
1574,0.129278826476
1575,0.0532951333076
1576,0.0560422149995
1577,0.001
1578,0.001
1579,0.001
1580,0.001
1581,0.001
1582,0.001
1583,0.0093414158149
1584,0.001
1585,0.017133857579
1586,0.001
1587,0.132352612137
1588,0.001
1589,0.444050525708
1590,0.365366532539
1591,0.531067288422
1592,1.21037699884
1593,0.966639172374
1594,1.59299522196
1595,1.01222531634
1596,0.542011861759
1597,0.450061837282
1598,1.49159068277
1599,0.96481730423
1600,0.839941219254
1601,0.704801133898
1602,0.602229975206
1603,0.001
1604,0.001
1605,0.099216167474
1606,0.324097359847
1607,0.361342211565
1608,0.0543281084211
1609,0.001
1610,0.001
1611,0.127691011243
1612,0.620883537991
1613,0.316153398243
1614,0.001
1615,0.108171321545
1616,0.289697945722
1617,0.001
1618,0.460028689183
1619,0.430230683129
1620,0.001
1621,0.486165090456
1622,0.139034122553
1623,0.393948825204
1624,0.655006116527
1625,0.183756474011
1626,0.001
1627,0.001
1628,0.0499038198129
1629,0.001
1630,0.001
1631,0.128667671526
1632,0.001
1633,0.113286902918
1634,0.122211943226
1635,0.001
1636,0.104769344505
1637,0.001
1638,0.137450052263
1639,0.0744702883204
1640,0.0853967875255
1641,0.0856621666394
1642,0.190024520543
1643,0.309847901991
1644,0.241392326689
1645,0.631330110705
1646,0.430695177007
1647,0.771069931563
1648,0.869442095112
1649,1.69625207299
1650,0.194636697487
1651,0.348492239862
1652,0.176312395714
1653,0.233247750284
1654,0.001
1655,0.119501721238
1656,0.160440389325
1657,0.042053805694
1658,0.001
1659,0.001
1660,0.001
1661,0.001
1662,0.0941032227812
1663,0.147785263597
1664,0.265599359297
1665,0.288829962833
1666,1.26631428849
1667,0.45542437195
1668,0.232014228638
1669,0.214554966573
1670,0.844716389553
1671,0.917217163376
1672,1.66231079167
1673,1.21087225793
1674,0.371889414769
1675,0.772319901997
1676,1.01856278705
1677,1.08497964436
1678,0.924315025195
1679,0.850584040738
1680,0.868581521849
1681,0.001
1682,0.0863866700154
1683,0.439340818097
1684,0.439211342941
1685,0.166068611899
1686,0.001
1687,0.1640900021
1688,0.579362351697
1689,0.741887907619
1690,0.001
1691,0.115670450793
1692,0.001
1693,0.108101843223
1694,0.322863547184
1695,0.425252336312
1696,0.33886762494
1697,0.220203893383
1698,0.125042726812
1699,0.259724967837
1700,0.282801801827
1701,0.188666997504
1702,0.123269821783
1703,0.142429980468
1704,0.215848994366
1705,0.2051680196
1706,0.0583676762808
1707,0.307231520029
1708,0.236848013627
1709,0.210247714347
1710,0.560152574929
1711,0.186876634953
1712,0.188760615416
1713,0.110195099836
1714,0.176687670314
1715,0.395589648066
1716,0.001
1717,0.424422585572
1718,0.414536905568
1719,0.165604174639
1720,0.746358850199
1721,1.29915215491
1722,1.16404518861
1723,0.262822565003
1724,1.21007580937
1725,2.50286220753
1726,0.0310691228716
1727,0.0950015454967
1728,0.485935059239
1729,0.979720080281
1730,0.460271857844
1731,0.0177783194791
1732,0.001
1733,0.0988711512959
1734,0.001
1735,0.185332770956
1736,0.001
1737,0.001
1738,0.539018557228
1739,0.399668149089
1740,0.678780189157
1741,1.16794913276
1742,3.0932788319
1743,1.05134302859
1744,0.809855703702
1745,1.34218466859
1746,1.28614033346
1747,1.3470379889
1748,1.64110767483
1749,1.25660856831
1750,0.720532662681
1751,0.16231079167
1752,0.809040937591
1753,1.44059312453
1754,1.31924073885
1755,1.20591233053
1756,0.187298144764
1757,0.145034090068
1758,0.159508685682
1759,0.313391223488
1760,0.128747902752
1761,0.188276582045
1762,0.0459059718073
1763,0.0249168400048
1764,0.001
1765,0.619998200987
1766,0.22951362014
1767,0.624936764669
1768,0.70244559661
1769,0.001
1770,0.243574163908
1771,0.181066200445
1772,0.346596155817
1773,0.565897125498
1774,0.397470873808
1775,0.739730400888
1776,1.38152476108
1777,0.411350112075
1778,0.123269980222
1779,0.0872803723901
1780,0.0773268210319
1781,0.296958404466
1782,0.0353689168545
1783,0.001
1784,0.001
1785,0.220203893383
1786,0.001
1787,0.166575799289
1788,0.001
1789,0.001
1790,0.37117333848
1791,0.001
1792,0.103922421673
1793,0.0859859403982
1794,0.264765002611
1795,0.743003135627
1796,0.0906575962793
1797,0.386247412956
1798,0.32351078943
1799,0.879347165038
1800,0.872561536764
1801,0.537424069242
1802,0.782412723065
1803,0.001
1804,0.001
1805,0.208732544084
1806,0.416018794409
1807,0.244976272529
1808,0.424026415721
1809,0.001
1810,0.125546031201
1811,0.123044656726
1812,0.118377267457
1813,0.111595683039
1814,0.19702441301
1815,0.630222287056
1816,0.747110805881
1817,0.758215931195
1818,0.65737637928
1819,0.26687907531
1820,1.33788773989
1821,1.86281935951
1822,0.522216544872
1823,0.0812302648843
1824,1.26943054194
1825,0.725013579507
1826,0.752679347929
1827,1.06034138568
1828,1.11174613319
1829,0.573687976828
1830,1.89545542302
1831,1.35866863684
1832,1.08021717507
1833,0.750608395383
1834,0.233828031251
1835,0.001
1836,0.0092661375408
1837,0.001
1838,0.0128305453578
1839,0.0202418207703
1840,0.0678166658524
1841,0.356719927688
1842,0.001
1843,0.001
1844,0.428554463142
1845,0.907144728469
1846,1.28429017964
1847,0.973258107231
1848,0.142693779728
1849,0.211121154328
1850,0.106220499885
1851,0.001
1852,0.0543281084211
1853,0.765310425669
1854,0.284995021235
1855,0.185315254366
1856,0.001
1857,0.131514459226
1858,0.0310919884652
1859,0.109342588289
1860,0.001
1861,0.090341644043
1862,0.001
1863,0.001
1864,0.0872188653751
1865,0.0231149849993
1866,0.169767717471
1867,0.001
1868,0.29443022582
1869,1.15226257109
1870,0.366434063245
1871,0.116127840314
1872,0.231705935299
1873,0.345757837298
1874,0.242084701251
1875,0.281585245788
1876,0.333369109637
1877,0.525237711603
1878,0.745381439869
1879,0.38314511336
1880,0.001
1881,0.001
1882,0.175978494934
1883,0.0497423810917
1884,0.381572615627
1885,0.23186067096
1886,2.01817541426
1887,0.278609262436
1888,0.159771050423
1889,0.107682993078
1890,0.133517019372
1891,0.289610163605
1892,0.380682204015
1893,0.727646607671
1894,0.600076985051
1895,0.516949994232
1896,0.735971623425
1897,0.592067851271
1898,0.562149463707
1899,0.477768679461
1900,0.799023968261
1901,0.222451374548
1902,0.955704355023
1903,1.18422273201
1904,0.347414065783
1905,0.131593153901
1906,0.919471196427
1907,1.08330887946
1908,1.0
1909,0.313006214417
1910,0.745764228469
1911,0.51908721865
1912,0.001
1913,0.037436416284
1914,0.001
1915,0.001
1916,0.001
1917,0.001
1918,0.314578863929
1919,0.303645894632
1920,0.001
1921,0.0849668619943
1922,0.185189103958
1923,0.517683391904
1924,0.290420706151
1925,0.719822722841
1926,0.0706787402341
1927,0.0412202083499
1928,0.281968452801
1929,0.114227650718
1930,0.140158856545
1931,0.442344090252
1932,0.0839183123301
1933,0.001
1934,0.001
1935,0.0866884713036
1936,0.0879017320549
1937,0.001
1938,0.144493076714
1939,0.001
1940,0.158594500208
1941,0.34651948489
1942,0.994761472074
1943,1.88716746811
1944,0.511644361049
1945,0.246583714216
1946,0.531306820198
1947,2.27589565815
1948,2.56667643669
1949,0.906946601241
1950,0.870294583487
1951,1.07355108999
1952,1.0215631826
1953,0.761196511998
1954,0.394032530106
1955,0.001
1956,0.001
1957,0.113493267938
1958,0.001
1959,0.001
1960,0.212091787236
1961,0.001
1962,0.680012924632
1963,0.602493807305
1964,0.196261348645
1965,1.21760064462
1966,0.2973457726
1967,0.329151869859
1968,0.254730750209
1969,0.347760198697
1970,0.243141341647
1971,0.459660193877
1972,0.710965877809
1973,0.915792517469
1974,0.99051589434
1975,2.0
1976,1.48676976499
1977,1.0
1978,1.65881442243
1979,0.941947930568
1980,0.950916587418
1981,0.972320907181
1982,1.15328682022
1983,0.846518933877
1984,1.12201706912
1985,0.830656181859
1986,0.764105193811
1987,0.251636995859
1988,0.001
1989,0.001
1990,0.0280321897331
1991,0.001
1992,0.001
1993,0.001
1994,0.772865090677
1995,0.001
1996,0.0595114314778
1997,0.001
1998,0.490792620116
1999,0.271296697507
2000,0.49148560278
2001,0.659522434593
2002,0.078554727936
2003,0.0362174579062
2004,0.193122639793
2005,0.0349821934965
2006,0.001
2007,0.10592871634
2008,0.001
2009,0.001
2010,0.400238269449
2011,0.188276582045
2012,0.001
2013,0.354016993451
2014,0.534454785079
2015,0.327061708167
2016,0.495734775802
2017,1.76217493884
2018,0.839076537186
2019,0.691556979133
2020,0.864712012471
2021,0.256718915789
2022,0.654009369951
2023,1.42651762499
2024,0.506574427631
2025,0.356602248891
2026,0.001
2027,0.001
2028,0.001
2029,0.001
2030,0.146426046588
2031,0.090333266076
2032,0.291266173497
2033,0.706385363414
2034,0.527045074488
2035,0.147844040933
2036,0.001
2037,0.420527916144
2038,0.71759837661
2039,0.29529391299
2040,0.203884353309
2041,0.154276505083
2042,0.208533755287
2043,0.0181365656613
2044,0.456310102849
2045,0.534707350245
2046,0.989005417804
2047,0.076792504039
2048,0.976885015001
2049,1.93683747141
2050,1.21494028155
2051,1.73972290327
2052,1.85144920418
2053,1.64418534525
2054,1.53885248462
2055,1.0
2056,1.63225113522
2057,0.897420739519
2058,0.989495356385
2059,0.348337542198
2060,0.184338613983
2061,0.246017443607
2062,0.0529255477545
2063,0.020250978468
2064,0.001
2065,0.069202561676
2066,0.259495912465
2067,0.926419811581
2068,0.273120686671
2069,0.112306793183
2070,0.001
2071,0.193111652968
2072,0.216505129559
2073,0.001
2074,0.110272440989
2075,0.001
2076,0.716517679509
2077,0.317354902361
2078,0.561572128416
2079,0.459495729188
2080,0.001
2081,0.001
2082,0.18659345731
2083,0.50060336083
2084,0.447197624135
2085,0.351550203931
2086,0.33267328009
2087,0.374114596164
2088,0.135944483859
2089,0.205347586689
2090,0.700783479441
2091,1.3688694254
2092,1.04987982046
2093,0.51055617033
2094,0.186101179879
2095,0.172946617415
2096,0.205578450854
2097,0.001
2098,0.001
2099,0.362903176596
2100,0.001
2101,0.204462723642
2102,0.443866329865
2103,0.302646269864
2104,0.66305925941
2105,0.269292413023
2106,0.310488525271
2107,0.260834662638
2108,0.239427426171
2109,0.211895795503
2110,0.369118536458
2111,0.261362959392
2112,0.306732613099
2113,0.301421377136
2114,0.187845956928
2115,0.412282819749
2116,0.702437317655
2117,0.167216253497
2118,0.272028369844
2119,2.04033035435
2120,1.04954847911
2121,0.872806113626
2122,1.60893385104
2123,1.60863494054
2124,1.40041365991
2125,0.697972417687
2126,0.755124944539
2127,0.314835585486
2128,2.2565338125
2129,1.11448988767
2130,0.327733360707
2131,0.308374097775
2132,0.460566123275
2133,0.389995083289
2134,0.263228796936
2135,0.0448283136096
2136,0.001
2137,0.587214156588
2138,0.109122680955
2139,0.347333494213
2140,0.18215275029
2141,0.001
2142,0.001
2143,0.233361060033
2144,0.0402900072008
2145,0.001
2146,0.0861252397356
2147,0.582821691164
2148,0.151902952686
2149,0.31808450475
2150,0.001
2151,0.214754352595
2152,0.947808908959
2153,0.585700374602
2154,0.336406050997
2155,0.201103770068
2156,0.120390199673
2157,0.485680528733
2158,0.244423886453
2159,0.529562284694
2160,0.406198520079
2161,0.635236778367
2162,0.281684656778
2163,0.227384646725
2164,0.0716934955671
2165,0.001
2166,0.0709077091547
2167,0.001
2168,0.001
2169,0.358213837914
2170,0.524851914726
2171,0.400679644609
2172,0.601164825117
2173,0.615236634239
2174,0.660611680148
2175,0.115768290975
2176,0.660229991394
2177,0.108729871364
2178,0.193115037547
2179,0.477951524265
2180,0.458552693389
2181,0.414295905669
2182,0.228469335392
2183,0.299025845306
2184,0.0727947043511
2185,0.771138403456
2186,0.720167344839
2187,0.503785197433
2188,0.067550094518
2189,0.572376548469
2190,0.671271315844
2191,0.160743144304
2192,1.13938355142
2193,0.969277146031
2194,1.11221974328
2195,1.05919190702
2196,0.688218163856
2197,0.347396162283
2198,0.001
2199,0.001
2200,0.001
2201,0.001
2202,0.001
2203,0.345772773528
2204,0.0487815279736
2205,0.001
2206,0.001
2207,0.0856567556438
2208,0.001
2209,0.177526711056
2210,0.162206826855
2211,0.209996114261
2212,0.001
2213,0.0404946169679
2214,0.222417479661
2215,0.197755048694
2216,0.001
2217,0.231802900559
2218,0.423399974764
2219,0.0194537240657
2220,0.173646628725
2221,0.558467303789
2222,0.100274843251
2223,0.652295918128
2224,1.95385438582
2225,0.208921781675
2226,0.0721854230969
2227,0.001
2228,0.273313885974
2229,0.0273019348319
2230,0.273307735303
2231,0.220203893383
2232,0.0257513985496
2233,0.001
2234,0.114133634687
2235,0.001
2236,0.00934532766507
2237,0.121113501442
2238,0.12717212288
2239,0.873814496028
2240,0.885766843842
2241,0.95629292469
2242,0.66044378134
2243,0.660368978643
2244,0.489668708685
2245,0.220203893383
2246,0.255357853274
2247,0.0349821934965
2248,0.162999801034
2249,0.001
2250,0.359028794197
2251,0.318147304958
2252,0.196364499607
2253,0.0039021426585
2254,0.001
2255,0.001
2256,0.649518463984
2257,1.33503698274
2258,0.750563383812
2259,1.19869766732
2260,0.429782392029
2261,1.10888750388
2262,0.918917141964
2263,0.618907937026
2264,0.889329027959
2265,0.391294662116
2266,0.665606112554
2267,0.684547845381
2268,0.515314900843
2269,0.269636864798
2270,0.60280163628
2271,0.48884312478
2272,0.872135468882
2273,0.552744556958
2274,0.928532867983
2275,0.20320640316
2276,0.001
2277,0.283444817198
2278,0.001
2279,0.150583891721
2280,0.001
2281,0.088219596281
2282,0.001
2283,0.0501311701072
2284,0.114789163852
2285,0.122211943226
2286,0.22794812187
2287,0.703996702228
2288,0.579022902733
2289,1.28390090009
2290,0.173629908393
2291,0.500944916577
2292,0.56985229013
2293,0.680475751226
2294,0.172885906159
2295,0.001
2296,0.0142586673648
2297,0.001
2298,0.001
2299,0.001
2300,0.145671891579
2301,0.460998768423
2302,0.386175510237
2303,1.17433267418
2304,0.902156384571
2305,0.347364101542
2306,0.892644961921
2307,0.641247602971
2308,1.03287804287
2309,1.66032011781
2310,0.0231149849993
2311,0.349161772937
2312,0.479514233219
2313,0.938064401108
2314,0.478976813884
2315,0.134276154866
2316,0.590323513049
2317,0.0111843817274
2318,0.221137664473
2319,0.364422355969
2320,0.0242197266034
2321,0.890568755672
2322,1.50229882574
2323,1.39717323812
2324,0.559124535094
2325,0.141319422147
2326,0.282273526452
2327,0.001
2328,0.001
2329,0.733599074124
2330,0.184596004508
2331,0.001
2332,0.182218563002
2333,0.0545728834239
2334,0.226699017297
2335,0.39601596916
2336,0.001
2337,0.306207758455
2338,0.070172178322
2339,0.499793833504
2340,0.478943970925
2341,0.001
2342,0.538021906724
2343,0.0718628029552
2344,0.001
2345,0.481278528623
2346,0.223978171706
2347,1.57195972692
2348,1.11275087296
2349,1.02477423956
2350,1.0
2351,1.75232073267
2352,0.962494893975
2353,1.73372386171
2354,0.187125691722
2355,0.001
2356,0.001
2357,0.001
2358,0.001
2359,0.001
2360,0.208921781675
2361,0.407219630965
2362,0.443830770713
2363,1.29139961569
2364,0.323822153525
2365,1.91425601851
2366,0.986161934165
2367,1.63695587006
2368,1.0296976931
2369,0.600283599726
2370,0.0479722365446
2371,0.138634488103
2372,1.25781203947
2373,0.0428072156421
2374,0.001
2375,0.736360441919
2376,0.190010054987
2377,0.289891920663
2378,1.18608670014
2379,0.001
2380,0.389502662292
2381,0.796076915971
2382,1.11665968214
2383,0.254863134123
2384,0.001
2385,0.707155512202
2386,0.826912229446
2387,1.20850656349
2388,1.15898836974
2389,0.655644626455
2390,1.41029476299
2391,1.25982364378
2392,0.467285469454
2393,1.47799290595
2394,0.346596155817
2395,0.807125722965
2396,0.506705375149
2397,0.124112185863
2398,0.58283087913
2399,0.796593998559
2400,0.0108044928673
2401,1.27719962615
2402,0.362124308613
2403,0.256752559696
2404,0.813141563147
2405,0.119214267043
2406,0.001
2407,1.0210948869
2408,0.76863141391
2409,0.116240754315
2410,0.869043493172
2411,1.07685674835
2412,0.122906918299
2413,0.129426396853
2414,0.001
2415,0.001
2416,0.001
2417,0.274133858715
2418,0.587155254433
2419,0.5510978796
2420,0.972329977624
2421,0.475038667558
2422,1.57098369782
2423,1.85497562033
2424,0.771188452508
2425,0.961941049786
2426,0.802592740014
2427,0.662990974336
2428,0.323973808614
2429,0.91206109458
2430,0.001
2431,0.166653597205
2432,0.274681630285
2433,0.001
2434,0.001
2435,0.189746737726
2436,0.401843737774
2437,0.0691422987572
2438,0.489079020787
2439,0.594650675518
2440,1.42821824302
2441,1.22258337708
2442,1.1890624844
2443,2.2193626605
2444,2.09953830744
2445,1.01864811594
2446,0.665547765983
2447,0.509492972537
2448,0.400679644609
2449,0.790491396746
2450,0.796602128205
2451,1.35649036327
2452,0.912872180637
2453,1.42253607641
2454,0.342616523185
2455,0.001
2456,0.47840636895
2457,0.113687687373
2458,0.158351386539
2459,0.115814794678
2460,0.0962171428003
2461,0.176025403092
2462,0.0287236952272
2463,0.001
2464,0.001
2465,0.001
2466,0.354248709901
2467,0.2592807916
2468,0.337867599111
2469,0.001
2470,0.227681868334
2471,0.132049318949
2472,1.0243377299
2473,0.001
2474,0.0218094661465
2475,0.0542281659063
2476,0.573536751227
2477,0.367916446881
2478,0.215643811618
2479,0.658896718079
2480,0.001
2481,0.313363645733
2482,0.319413415621
2483,0.145326928226
2484,0.313052066767
2485,0.0981050369204
2486,0.361092075419
2487,0.295815555016
2488,0.123269980222
2489,0.143298219841
2490,0.230502408386
2491,0.270978217481
2492,0.001
2493,0.691854141208
2494,0.38005920595
2495,0.86365801138
2496,1.14186438361
2497,1.18953224848
2498,0.0769992379643
2499,2.78581035127
2500,1.98455766532
2501,0.748963718318
2502,0.927318860888
2503,0.509053809363
2504,1.12382560799
2505,0.736093019572
2506,0.735785129343
2507,0.924702896737
2508,0.502418201989
2509,0.870142729913
2510,1.11561311793
2511,1.3956694517
2512,0.001
2513,0.908350590814
2514,0.325529534601
2515,0.001
2516,0.0482922496261
2517,0.001
2518,0.001
2519,0.001
2520,0.001
2521,0.151533518977
2522,0.145521647964
2523,0.358744501988
2524,0.001
2525,0.001
2526,0.28609687074
2527,0.41185167648
2528,0.0543281084211
2529,0.001
2530,0.0498191215436
2531,0.559736112694
2532,1.11711637672
2533,0.44453975964
2534,0.329922651699
2535,0.475080968602
2536,0.0993964127091
2537,0.0177783194791
2538,0.086233112337
2539,0.113987988001
2540,0.001
2541,0.134245772514
2542,0.001
2543,0.639222193455
2544,1.16832245665
2545,0.343787028982
2546,1.04350257473
2547,1.18225641637
2548,0.294020271809
2549,1.68151361886
2550,1.43063080446
2551,1.88516536805
2552,0.249431742881
2553,0.001
2554,0.10540529271
2555,0.864019681468
2556,0.687865668535
2557,0.122211943226
2558,0.639159033474
2559,0.491301035532
2560,0.48220384099
2561,0.701445444031
2562,0.210275177448
2563,0.001
2564,0.001
2565,0.0341071353889
2566,0.001
2567,0.001
2568,0.001
2569,0.001
2570,0.410043462976
2571,0.001
2572,0.001
2573,0.0242388853545
2574,1.76145826394
2575,0.001
2576,0.001
2577,0.27254698069
2578,0.115249890076
2579,0.507500222889
2580,0.422589280501
2581,0.001
2582,0.0456736259262
2583,0.301787120619
2584,0.652568104702
2585,0.318507941977
2586,0.672025262854
2587,0.549868572789
2588,1.15218474968
2589,2.20652945982
2590,0.900704087992
2591,0.842374071581
2592,0.413728835904
2593,0.388156139672
2594,1.6198043102
2595,0.779410698527
2596,2.0386446798
2597,0.509924667327
2598,0.0897679192817
2599,0.149642792126
2600,0.356039808833
2601,0.737827875184
2602,0.63774840621
2603,0.795207258251
2604,0.49055794384
2605,0.387844857481
2606,0.620977050542
2607,0.637012120306
2608,0.00257390199859
2609,0.001
2610,0.001
2611,0.001
2612,0.0123466880694
2613,0.428399831681
2614,1.5924763336
2615,0.300563469291
2616,1.10403652896
2617,0.001
2618,0.001
2619,0.001
2620,0.127691011243
2621,0.001
2622,0.21383926533
2623,2.11830603605
2624,0.0567739781042
2625,0.232012157971
2626,0.0390494130185
2627,0.138196160017
2628,0.304589254362
2629,0.452467237915
2630,0.500109877498
2631,1.32519920903
2632,3.46526495612
2633,3.53893892364
2634,1.44240698721
2635,0.384322557774
2636,0.39410815508
2637,0.552005715908
2638,0.866364329123
2639,0.539466180122
2640,0.121478383112
2641,0.0565300578938
2642,0.0938708162751
2643,0.145221564806
2644,0.710379970202
2645,1.30103592169
2646,0.670933886295
2647,0.001
2648,0.515946302259
2649,0.001
2650,0.001
2651,0.151039659427
2652,0.910489061519
2653,0.107895619733
2654,0.001
2655,0.001
2656,0.001
2657,0.001
2658,0.19157706047
2659,0.0152789524441
2660,0.001
2661,0.225846161679
2662,0.718010885206
2663,0.24298632466
2664,0.207114473469
2665,0.124959672482
2666,0.507628862928
2667,1.35973511461
2668,0.189358594785
2669,0.223110326234
2670,0.841249096485
2671,0.001
2672,0.337502464121
2673,0.537270520769
2674,0.469876979372
2675,0.001
2676,0.0536450319902
2677,0.001
2678,0.12283785675
2679,0.0625851307528
2680,0.280553703653
2681,0.16868908008
2682,0.0680166319147
2683,0.001
2684,0.001
2685,0.445757148505
2686,0.001
2687,0.001
2688,0.001
2689,0.001
2690,0.001
2691,0.191590000312
2692,0.165082505121
2693,0.24374721609
2694,0.166876914165
2695,0.001
2696,0.177572262122
2697,0.001
2698,0.214754352595
2699,1.07631897999
2700,0.123269980222
2701,0.463449247931
2702,0.480432902603
2703,0.348362971537
2704,0.295837821408
2705,0.40028150769
2706,1.21810419544
2707,0.001
2708,0.0767992241644
2709,0.0688196786155
2710,0.001
2711,0.383073033728
2712,0.515707981269
2713,0.0623779273698
2714,0.001
2715,0.001
2716,0.001
2717,0.001
2718,0.001
2719,0.400264396045
2720,0.126545731649
2721,0.271531091004
2722,0.0691949454959
2723,0.298074107614
2724,0.309975868764
2725,0.407734149142
2726,1.52162659491
2727,0.449245076234
2728,1.03785114589
2729,1.20590767562
2730,0.32184659979
2731,0.255869658055
2732,0.001
2733,0.001
2734,0.327051740223
2735,0.523132089464
2736,0.362506789753
2737,0.0766412297174
2738,0.001
2739,0.0074944168253
2740,0.0112796037276
2741,0.001
2742,0.001
2743,0.314640687201
2744,0.373905643115
2745,0.428368564123
2746,0.496075117015
2747,0.289690932993
2748,0.220203893383
2749,0.86271445736
2750,1.04519104104
2751,0.724800123181
2752,1.90320161067
2753,1.40051687283
2754,2.14790911216
2755,0.412852571705
2756,0.910822045146
2757,0.001
2758,0.001
2759,0.427540359346
2760,0.2430145448
2761,0.234966715018
2762,0.0842466283931
2763,0.001
2764,0.001
2765,0.001
2766,0.001
2767,0.049711615145
2768,0.171443953858
2769,0.196211489403
2770,0.148493552006
2771,0.299034078186
2772,0.557565859454
2773,0.127691011243
2774,1.1183239667
2775,1.37532429749
2776,0.360904603392
2777,1.95675395532
2778,0.854778435194
2779,0.220203893383
2780,0.001
2781,0.001
2782,0.001
2783,0.0809871148189
2784,0.00816161859612
2785,0.001
2786,0.001
2787,0.001
2788,0.001
2789,0.001
2790,0.001
2791,0.001
2792,0.370685939462
2793,0.404972507548
2794,0.0916388624241
2795,0.001
2796,0.430230683129
2797,0.242966527255
2798,0.379215476183
2799,1.04303686878
2800,0.372819258317
2801,1.34092274489
2802,2.04204568028
2803,1.91262303728
2804,0.950156486633
2805,0.066556582582
2806,0.0955760207212
2807,0.370266418957
2808,0.081155395835
2809,0.255102430942
2810,0.299306670591
2811,0.001
2812,0.716844165857
2813,0.001
2814,0.283491094808
2815,0.715135963861
2816,0.175268944999
2817,0.477781589556
2818,0.48473618498
2819,2.19614277314
2820,0.631411282502
2821,0.0467235547556
2822,0.001
2823,0.194683541014
2824,0.509271071854
2825,0.478081688626
2826,0.586808679409
2827,0.271663052002
2828,0.11593994582
2829,0.275332664302
2830,0.179219600631
2831,0.166197130835
2832,0.496061545335
2833,0.334849098438
2834,1.11422602472
2835,0.949400777342
2836,1.36618236859
2837,0.890002355521
2838,0.884061483556
2839,0.127691011243
2840,0.001
2841,0.001
2842,0.001
2843,0.0548659485954
2844,1.09872822984
2845,0.387809615005
2846,0.333250237005
2847,0.278990238848
2848,0.078329442177
2849,0.159548088292
2850,0.286589870248
2851,0.168121419337
2852,0.739029614149
2853,0.145326928226
2854,1.0310659961
2855,2.01694554325
2856,3.24991453942
2857,2.61785957311
2858,2.89552062314
2859,0.001
2860,0.029588062868
2861,0.001
2862,0.001
2863,0.11442702807
2864,0.122350276553
2865,0.001
2866,0.001
2867,0.001
2868,0.001
2869,0.001
2870,0.105256479297
2871,0.001
2872,0.001
2873,0.001
2874,0.001
2875,0.175975927055
2876,0.425658340808
2877,0.285714285714
2878,0.23098956661
2879,0.407746892295
2880,0.77435283361
2881,0.601099373004
2882,1.5
2883,1.81425194601
2884,0.312789956139
2885,0.001
2886,0.0701167781077
2887,0.0627736604038
2888,0.001
2889,0.001
2890,0.0724734708946
2891,0.0836799110145
2892,0.108280259015
2893,0.333328106601
2894,0.387716330667
2895,0.785380611555
2896,1.69920201063
2897,1.46986182783
2898,0.364101474626
2899,0.818662239311
2900,1.02880964521
2901,1.85045951463
2902,0.5721395909
2903,0.272563079883
2904,0.373862300361
2905,0.031096767752
2906,0.001
2907,0.001
2908,0.001
2909,0.001
2910,0.346596155817
2911,0.001
2912,0.350872147656
2913,0.275565194661
2914,0.359182969189
2915,0.408483984704
2916,1.2900473698
2917,1.07624306565
2918,0.568568926284
2919,0.0460393613904
2920,0.0566157447957
2921,0.488505319346
2922,0.138147915172
2923,0.001
2924,0.001
2925,0.001
2926,0.001
2927,0.133932943554
2928,0.001
2929,0.001
2930,0.247221728573
2931,0.339593359203
2932,0.925514931528
2933,0.444105613964
2934,0.001
2935,0.001
2936,0.001
2937,0.128376964272
2938,0.0656858438932
2939,0.001
2940,0.001
2941,0.001
2942,0.001
2943,0.001
2944,0.001
2945,0.800137272118
2946,0.147508865576
2947,0.001
2948,0.310488525271
2949,0.001
2950,0.001
2951,0.123038349245
2952,0.241480677807
2953,0.0900060081918
2954,0.001
2955,0.001
2956,0.0535870681751
2957,0.0155745039318
2958,0.001
2959,0.001
2960,0.076792504039
2961,0.117080536793
2962,0.001
2963,0.373303318443
2964,0.400180616543
2965,0.391459535552
2966,0.2703752713
2967,0.708858273402
2968,0.001
2969,0.001
2970,0.001
2971,0.001
2972,0.0057326189678
2973,0.001
2974,0.190218575469
2975,0.001
2976,0.001
2977,0.0679586280549
2978,0.001
2979,0.001
2980,0.001
2981,0.241405467889
2982,0.001
2983,0.001
2984,0.001
