41.882300, -87.627700, 1.5
42.017376, -87.679207, 1.5
42.017376, -87.679207, 1.5
41.694318, -87.620944, 1.5
41.881045, -87.709106, 1.5
41.775473, -87.677616, 1.5
41.777587, -87.692281, 1.5
41.793197, -87.705852, 1.5
41.858028, -87.720173, 1.5
41.785154, -87.622077, 1.5
41.991834, -87.656720, 1.5
41.775070, -87.683387, 1.5
41.787913, -87.741285, 1.5
41.672204, -87.638263, 1.5
41.890195, -87.626804, 1.5
41.879853, -87.726901, 1.5
41.750123, -87.663578, 1.5
41.780662, -87.689636, 1.5
41.756341, -87.555106, 1.5
41.763103, -87.655555, 1.5
41.937856, -87.760026, 1.5
41.781092, -87.654687, 1.5
41.895895, -87.762506, 1.5
41.758325, -87.561657, 1.5
41.918126, -87.713371, 1.5
41.899446, -87.715373, 1.5
41.758929, -87.708916, 1.5
41.756077, -87.653096, 1.5
41.883547, -87.695424, 1.5
41.767709, -87.585819, 1.5
41.866213, -87.712672, 1.5
41.778188, -87.615724, 1.5
41.933196, -87.806434, 1.5
41.791316, -87.580099, 1.5
41.682465, -87.620804, 1.5
41.677819, -87.631189, 1.5
41.736167, -87.625036, 1.5
41.750828, -87.625183, 1.5
41.691611, -87.621186, 1.5
41.765296, -87.604981, 1.5
41.769288, -87.623631, 1.5
41.760791, -87.630751, 1.5
41.788994, -87.642870, 1.5
41.903597, -87.631586, 1.5
41.861652, -87.660639, 1.5
41.782836, -87.703100, 1.5
41.897986, -87.719912, 1.5
41.883985, -87.625492, 1.5
41.880287, -87.752991, 1.5
41.882899, -87.706436, 1.5
41.747259, -87.641654, 1.5
41.771116, -87.611352, 1.5
41.746522, -87.653780, 1.5
41.779417, -87.674353, 1.5
41.783662, -87.609506, 1.5
41.947925, -87.758043, 1.5
41.650558, -87.545784, 1.5
41.724024, -87.585303, 1.5
41.770135, -87.674719, 1.5
41.910730, -87.668195, 1.5
41.810528, -87.644227, 1.5
41.895512, -87.625625, 1.5
41.939807, -87.650736, 1.5
41.930458, -87.798988, 1.5
41.883985, -87.625492, 1.5
41.964855, -87.714863, 1.5
41.876640, -87.633838, 1.5
41.869860, -87.729797, 1.5
41.733664, -87.664368, 1.5
41.745940, -87.652258, 1.5
41.801885, -87.729390, 1.5
41.903348, -87.748297, 1.5
41.779218, -87.644628, 1.5
41.880136, -87.632463, 1.5
41.722172, -87.585281, 1.5
41.730605, -87.663059, 1.5
41.748354, -87.668961, 1.5
41.772598, -87.643530, 1.5
41.935969, -87.747837, 1.5
41.697465, -87.619467, 1.5
41.789224, -87.648823, 1.5
41.788027, -87.623773, 1.5
41.900350, -87.639111, 1.5
41.771346, -87.668999, 1.5
41.913030, -87.698246, 1.5
41.925728, -87.758816, 1.5
41.734011, -87.551503, 1.5
41.766049, -87.643336, 1.5
41.778244, -87.615430, 1.5
41.717926, -87.655147, 1.5
41.765937, -87.579248, 1.5
41.893739, -87.693505, 1.5
41.736167, -87.625036, 1.5
41.785612, -87.690988, 1.5
41.749305, -87.552706, 1.5
41.764812, -87.663938, 1.5
41.707205, -87.628826, 1.5
41.790130, -87.784322, 1.5
41.713778, -87.642844, 1.5
41.777285, -87.615701, 1.5
41.667255, -87.635396, 1.5
41.882513, -87.686327, 1.5
41.963720, -87.652517, 1.5
41.766120, -87.666135, 1.5
41.800468, -87.740168, 1.5
41.825898, -87.654684, 1.5
41.889044, -87.756170, 1.5
41.758761, -87.576411, 1.5
41.666723, -87.620253, 1.5
41.883832, -87.701433, 1.5
41.788176, -87.683735, 1.5
41.876771, -87.630969, 1.5
41.803309, -87.662548, 1.5
41.801142, -87.726261, 1.5
41.899387, -87.642013, 1.5
41.899387, -87.642013, 1.5
41.782242, -87.651995, 1.5
41.911828, -87.781656, 1.5
41.677819, -87.631189, 1.5
41.851557, -87.672640, 1.5
41.814707, -87.697946, 1.5
41.796639, -87.660864, 1.5
41.857979, -87.720174, 1.5
41.776832, -87.615691, 1.5
41.736389, -87.624957, 1.5
41.848219, -87.690740, 1.5
41.658238, -87.613752, 1.5
41.796614, -87.757282, 1.5
41.905552, -87.638566, 1.5
41.784430, -87.651129, 1.5
42.005621, -87.662767, 1.5
41.792331, -87.773426, 1.5
41.768499, -87.659930, 1.5
41.938992, -87.742712, 1.5
41.902246, -87.766057, 1.5
41.762402, -87.656248, 1.5
41.792701, -87.702461, 1.5
41.776830, -87.705362, 1.5
41.704909, -87.651322, 1.5
41.764812, -87.663938, 1.5
41.904086, -87.631599, 1.5
41.810095, -87.611619, 1.5
41.863995, -87.709110, 1.5
41.766015, -87.649143, 1.5
41.954602, -87.750920, 1.5
41.779624, -87.701793, 1.5
41.821151, -87.601662, 1.5
41.707129, -87.613910, 1.5
41.718597, -87.647858, 1.5
41.789956, -87.617627, 1.5
41.778671, -87.611839, 1.5
41.788484, -87.664294, 1.5
41.754198, -87.669755, 1.5
41.768837, -87.656792, 1.5
41.753473, -87.670653, 1.5
41.894112, -87.619386, 1.5
41.938010, -87.652203, 1.5
41.796061, -87.686402, 1.5
41.789240, -87.741643, 1.5
41.762161, -87.657801, 1.5
41.768873, -87.654365, 1.5
41.778550, -87.615734, 1.5
41.739273, -87.666684, 1.5
41.778597, -87.615737, 1.5
41.776417, -87.615681, 1.5
41.777084, -87.615696, 1.5
41.778973, -87.615744, 1.5
41.898877, -87.641992, 1.5
41.888243, -87.757951, 1.5
41.904029, -87.731411, 1.5
41.907298, -87.639539, 1.5
41.722261, -87.583027, 1.5
41.852840, -87.701632, 1.5
41.862307, -87.626623, 1.5
41.728432, -87.570792, 1.5
41.968867, -87.767662, 1.5
41.856191, -87.627314, 1.5
41.898144, -87.621710, 1.5
41.793830, -87.645271, 1.5
41.682465, -87.620804, 1.5
41.788631, -87.623788, 1.5
41.791703, -87.616050, 1.5
41.712426, -87.565638, 1.5
41.944474, -87.647782, 1.5
41.746522, -87.653780, 1.5
41.762250, -87.592538, 1.5
41.684854, -87.671947, 1.5
41.692344, -87.652355, 1.5
41.976673, -87.672239, 1.5
41.779779, -87.650254, 1.5
41.801001, -87.668572, 1.5
41.875627, -87.756239, 1.5
41.734197, -87.571860, 1.5
41.798655, -87.686467, 1.5
41.991766, -87.680407, 1.5
41.918220, -87.638253, 1.5
41.653079, -87.537608, 1.5
42.000765, -87.658274, 1.5
41.762994, -87.719763, 1.5
41.807989, -87.703826, 1.5
41.892175, -87.676031, 1.5
41.778973, -87.615744, 1.5
41.974749, -87.890373, 1.5
41.820445, -87.642228, 1.5
41.766424, -87.655220, 1.5
41.685388, -87.626285, 1.5
41.741778, -87.579593, 1.5
41.969611, -87.656084, 1.5
41.785195, -87.704386, 1.5
41.887158, -87.756697, 1.5
41.931769, -87.719758, 1.5
41.787277, -87.624133, 1.5
41.946943, -87.799546, 1.5
41.787476, -87.681267, 1.5
41.786625, -87.665083, 1.5
41.778089, -87.615721, 1.5
41.878692, -87.627841, 1.5
41.878692, -87.627841, 1.5
41.876084, -87.724058, 1.5
41.935000, -87.752165, 1.5
41.803062, -87.721981, 1.5
41.817068, -87.606859, 1.5
41.976653, -87.900988, 1.5
41.828420, -87.671708, 1.5
41.907235, -87.678297, 1.5
41.857975, -87.721037, 1.5
41.961038, -87.670676, 1.5
41.700026, -87.627949, 1.5
41.978894, -87.906468, 1.5
41.970171, -87.762590, 1.5
41.735904, -87.662649, 1.5
41.899619, -87.641727, 1.5
41.778487, -87.605682, 1.5
41.773685, -87.588656, 1.5
41.743314, -87.551863, 1.5
41.735647, -87.603260, 1.5
42.000536, -87.661808, 1.5
41.894112, -87.619386, 1.5
41.847829, -87.682933, 1.5
41.962481, -87.654612, 1.5
41.807463, -87.688224, 1.5
41.933820, -87.712197, 1.5
41.890059, -87.716569, 1.5
41.738428, -87.668137, 1.5
41.769925, -87.690965, 1.5
41.940344, -87.698905, 1.5
41.900493, -87.716630, 1.5
41.878242, -87.764294, 1.5
41.877414, -87.627518, 1.5
41.748086, -87.657461, 1.5
41.906208, -87.759744, 1.5
41.803062, -87.721981, 1.5
41.736166, -87.545959, 1.5
41.764463, -87.690704, 1.5
41.804832, -87.624493, 1.5
41.876154, -87.736241, 1.5
41.765988, -87.573727, 1.5
41.808752, -87.622972, 1.5
41.680325, -87.671378, 1.5
41.909739, -87.745623, 1.5
41.689688, -87.628402, 1.5
41.969891, -87.705926, 1.5
41.920840, -87.716269, 1.5
41.689076, -87.665072, 1.5
41.775335, -87.688572, 1.5
41.878988, -87.627849, 1.5
41.781943, -87.611920, 1.5
41.934910, -87.708868, 1.5
41.745500, -87.546852, 1.5
41.842191, -87.706335, 1.5
41.662644, -87.551836, 1.5
41.910015, -87.724717, 1.5
41.713179, -87.668771, 1.5
41.779508, -87.653707, 1.5
41.683931, -87.641970, 1.5
41.782004, -87.608568, 1.5
41.721736, -87.630993, 1.5
42.001203, -87.660881, 1.5
41.897476, -87.700274, 1.5
41.649589, -87.538514, 1.5
41.877307, -87.681287, 1.5
41.899574, -87.723919, 1.5
41.702408, -87.524677, 1.5
41.753459, -87.706279, 1.5
41.813876, -87.692503, 1.5
41.772956, -87.605913, 1.5
41.962481, -87.654612, 1.5
41.738996, -87.663294, 1.5
41.939917, -87.660489, 1.5
41.976663, -87.901363, 1.5
41.896934, -87.712558, 1.5
41.775192, -87.704359, 1.5
41.756136, -87.649160, 1.5
41.919061, -87.752464, 1.5
41.879023, -87.626255, 1.5
41.920790, -87.777478, 1.5
41.961498, -87.646250, 1.5
41.793518, -87.664428, 1.5
41.736389, -87.624957, 1.5
41.965458, -87.656341, 1.5
41.769636, -87.575022, 1.5
41.736150, -87.627154, 1.5
41.909496, -87.764938, 1.5
41.788174, -87.624068, 1.5
41.767007, -87.589331, 1.5
41.788612, -87.693513, 1.5
41.906556, -87.662864, 1.5
41.903271, -87.709102, 1.5
41.902711, -87.638851, 1.5
41.830892, -87.643557, 1.5
41.960424, -87.779590, 1.5
41.722567, -87.627328, 1.5
41.742829, -87.552374, 1.5
41.958413, -87.714135, 1.5
41.976337, -87.698795, 1.5
41.815261, -87.626392, 1.5
41.721757, -87.629509, 1.5
41.691554, -87.624270, 1.5
41.792879, -87.669268, 1.5
41.900523, -87.699435, 1.5
41.923657, -87.801658, 1.5
41.752387, -87.604141, 1.5
41.917342, -87.754463, 1.5
41.812321, -87.664390, 1.5
41.777258, -87.647300, 1.5
41.739131, -87.673021, 1.5
41.885790, -87.752086, 1.5
41.881736, -87.641887, 1.5
41.891803, -87.771838, 1.5
41.756786, -87.591293, 1.5
41.662961, -87.642787, 1.5
41.769075, -87.625613, 1.5
41.986831, -87.663615, 1.5
41.926114, -87.753171, 1.5
41.712889, -87.592307, 1.5
41.785840, -87.686116, 1.5
41.697508, -87.619759, 1.5
41.920694, -87.746092, 1.5
41.751422, -87.664825, 1.5
41.780085, -87.630918, 1.5
41.751404, -87.641770, 1.5
41.771080, -87.586421, 1.5
41.788586, -87.653662, 1.5
41.857623, -87.670394, 1.5
41.968000, -87.662635, 1.5
41.730557, -87.654523, 1.5
41.731466, -87.551438, 1.5
41.868802, -87.639097, 1.5
41.937942, -87.821835, 1.5
41.716013, -87.656501, 1.5
41.879516, -87.764987, 1.5
41.782836, -87.703100, 1.5
41.723856, -87.660162, 1.5
42.011415, -87.693298, 1.5
41.736167, -87.625036, 1.5
41.976653, -87.900988, 1.5
41.979365, -87.772405, 1.5
41.781578, -87.607070, 1.5
41.782916, -87.606130, 1.5
41.869920, -87.725071, 1.5
41.791909, -87.674386, 1.5
41.791778, -87.644025, 1.5
41.796106, -87.703777, 1.5
41.859853, -87.711430, 1.5
41.882057, -87.629259, 1.5
41.705862, -87.653787, 1.5
41.734983, -87.545929, 1.5
42.004757, -87.658640, 1.5
41.905148, -87.640690, 1.5
41.905638, -87.639095, 1.5
41.794973, -87.660823, 1.5
41.883389, -87.686348, 1.5
41.872190, -87.727693, 1.5
42.004560, -87.708639, 1.5
41.785740, -87.607389, 1.5
41.756311, -87.719486, 1.5
41.718470, -87.620663, 1.5
41.733759, -87.557734, 1.5
41.719824, -87.643318, 1.5
41.891648, -87.624309, 1.5
41.750547, -87.642941, 1.5
41.780548, -87.603902, 1.5
41.754467, -87.566141, 1.5
41.878148, -87.625530, 1.5
41.775119, -87.683386, 1.5
41.751585, -87.562742, 1.5
41.746365, -87.552646, 1.5
41.778401, -87.702979, 1.5
41.886668, -87.648947, 1.5
41.867427, -87.639049, 1.5
41.786629, -87.664757, 1.5
41.779133, -87.674055, 1.5
41.711768, -87.650114, 1.5
41.790097, -87.684306, 1.5
41.712546, -87.602504, 1.5
41.973197, -87.655141, 1.5
41.907163, -87.696839, 1.5
41.744136, -87.600801, 1.5
41.886558, -87.755145, 1.5
41.858208, -87.661045, 1.5
41.922601, -87.687719, 1.5
41.851513, -87.734198, 1.5
41.967734, -87.731577, 1.5
41.721869, -87.621889, 1.5
41.802131, -87.651579, 1.5
41.884899, -87.750485, 1.5
41.803708, -87.590385, 1.5
41.876714, -87.745294, 1.5
41.746946, -87.630715, 1.5
41.700477, -87.637929, 1.5
41.710247, -87.625841, 1.5
41.789855, -87.617625, 1.5
41.793761, -87.649739, 1.5
41.809178, -87.622673, 1.5
41.990771, -87.707785, 1.5
41.772944, -87.684545, 1.5
41.708527, -87.559524, 1.5
41.952285, -87.753537, 1.5
41.876596, -87.658925, 1.5
41.843595, -87.621948, 1.5
41.935945, -87.749613, 1.5
41.686836, -87.632687, 1.5
41.692617, -87.628055, 1.5
41.804139, -87.609401, 1.5
41.674238, -87.620547, 1.5
41.925270, -87.653367, 1.5
41.877122, -87.731440, 1.5
41.757710, -87.603982, 1.5
41.792717, -87.622562, 1.5
41.730654, -87.663062, 1.5
41.791540, -87.663143, 1.5
41.771769, -87.702824, 1.5
41.782979, -87.700672, 1.5
41.884525, -87.636683, 1.5
41.897574, -87.715314, 1.5
41.883875, -87.671966, 1.5
41.848508, -87.709885, 1.5
41.849323, -87.691999, 1.5
41.976176, -87.677003, 1.5
41.707928, -87.568511, 1.5
41.730313, -87.656303, 1.5
41.735638, -87.553549, 1.5
41.924975, -87.640256, 1.5
41.779718, -87.654383, 1.5
41.793533, -87.709567, 1.5
41.866140, -87.719134, 1.5
41.712342, -87.569554, 1.5
41.956245, -87.729148, 1.5
41.795513, -87.620719, 1.5
41.762732, -87.685025, 1.5
41.765379, -87.647918, 1.5
41.906401, -87.638708, 1.5
41.859739, -87.712646, 1.5
41.898877, -87.641992, 1.5
41.809548, -87.612861, 1.5
41.908302, -87.695354, 1.5
41.769785, -87.593654, 1.5
41.692631, -87.613029, 1.5
41.801907, -87.621591, 1.5
41.809188, -87.622009, 1.5
41.753262, -87.601100, 1.5
41.936655, -87.746655, 1.5
41.760806, -87.686958, 1.5
42.020979, -87.670576, 1.5
41.784795, -87.587996, 1.5
41.959425, -87.779584, 1.5
41.853318, -87.656435, 1.5
41.916086, -87.733701, 1.5
41.851949, -87.618849, 1.5
41.768125, -87.591195, 1.5
41.819607, -87.684877, 1.5
41.765824, -87.615147, 1.5
41.787275, -87.624202, 1.5
41.717364, -87.568689, 1.5
41.768270, -87.646780, 1.5
41.971631, -87.790525, 1.5
41.757387, -87.563772, 1.5
41.841414, -87.728270, 1.5
41.781538, -87.658107, 1.5
41.907001, -87.640744, 1.5
41.873860, -87.700499, 1.5
41.750275, -87.656309, 1.5
41.794229, -87.623873, 1.5
41.840720, -87.626993, 1.5
41.693867, -87.612337, 1.5
41.803959, -87.668644, 1.5
41.695797, -87.623052, 1.5
41.697377, -87.559680, 1.5
41.976653, -87.900988, 1.5
41.676226, -87.641712, 1.5
41.668267, -87.638130, 1.5
41.951998, -87.654620, 1.5
41.692979, -87.628062, 1.5
41.881807, -87.736368, 1.5
41.767237, -87.666168, 1.5
41.879398, -87.626600, 1.5
41.878108, -87.627532, 1.5
41.765988, -87.573727, 1.5
41.905851, -87.638578, 1.5
41.718470, -87.620663, 1.5
41.769075, -87.625613, 1.5
41.920719, -87.782061, 1.5
41.964855, -87.714863, 1.5
41.728114, -87.553596, 1.5
41.767346, -87.648260, 1.5
41.655679, -87.607417, 1.5
41.968317, -87.711046, 1.5
41.775719, -87.603246, 1.5
41.918608, -87.765581, 1.5
41.758930, -87.562203, 1.5
41.790109, -87.672835, 1.5
41.765464, -87.566652, 1.5
41.876544, -87.755191, 1.5
41.707205, -87.628826, 1.5
41.981217, -87.773422, 1.5
41.850287, -87.688117, 1.5
41.756916, -87.600747, 1.5
41.887108, -87.765273, 1.5
41.721824, -87.623512, 1.5
41.737203, -87.573184, 1.5
41.895244, -87.738619, 1.5
41.964811, -87.661158, 1.5
41.905851, -87.638578, 1.5
41.858212, -87.726309, 1.5
41.653148, -87.601734, 1.5
41.968224, -87.739739, 1.5
41.713098, -87.630721, 1.5
41.758076, -87.602779, 1.5
41.776555, -87.672483, 1.5
41.746522, -87.653780, 1.5
41.903389, -87.767983, 1.5
41.908876, -87.646473, 1.5
42.019421, -87.689979, 1.5
42.014907, -87.680340, 1.5
41.793595, -87.705356, 1.5
41.942612, -87.752051, 1.5
41.943466, -87.649520, 1.5
41.692344, -87.652355, 1.5
41.729008, -87.598437, 1.5
41.771741, -87.705694, 1.5
41.736426, -87.585786, 1.5
41.879495, -87.633906, 1.5
41.719005, -87.620675, 1.5
41.976309, -87.904981, 1.5
41.878555, -87.627836, 1.5
41.906395, -87.639057, 1.5
41.736378, -87.627639, 1.5
41.878117, -87.626754, 1.5
41.896793, -87.627760, 1.5
41.793558, -87.663793, 1.5
41.736852, -87.577079, 1.5
41.916766, -87.738923, 1.5
41.854144, -87.623703, 1.5
41.859242, -87.716289, 1.5
41.946639, -87.714907, 1.5
41.778712, -87.694748, 1.5
41.820464, -87.628675, 1.5
41.799159, -87.671873, 1.5
41.966682, -87.654942, 1.5
41.798254, -87.664845, 1.5
41.766462, -87.605752, 1.5
41.928770, -87.679043, 1.5
41.887108, -87.765273, 1.5
41.767901, -87.616780, 1.5
41.728096, -87.551362, 1.5
41.653259, -87.617101, 1.5
41.880607, -87.726252, 1.5
41.779133, -87.684658, 1.5
41.885860, -87.626889, 1.5
41.794045, -87.624220, 1.5
41.867204, -87.724029, 1.5
41.746097, -87.603677, 1.5
41.886944, -87.624688, 1.5
41.793775, -87.617812, 1.5
41.751159, -87.606016, 1.5
41.880375, -87.763357, 1.5
41.964769, -87.721982, 1.5
41.715770, -87.643207, 1.5
41.688797, -87.626669, 1.5
41.756305, -87.650400, 1.5
41.997205, -87.707060, 1.5
41.909649, -87.752611, 1.5
41.744535, -87.552335, 1.5
41.923170, -87.653684, 1.5
41.882467, -87.755832, 1.5
41.964641, -87.778866, 1.5
41.852968, -87.644601, 1.5
41.736378, -87.627639, 1.5
41.784153, -87.606835, 1.5
41.868074, -87.627294, 1.5
41.711386, -87.536636, 1.5
41.958634, -87.786926, 1.5
41.979074, -87.905584, 1.5
41.970291, -87.656103, 1.5
41.800767, -87.658543, 1.5
41.897048, -87.666423, 1.5
41.773441, -87.586551, 1.5
41.803978, -87.605177, 1.5
41.908978, -87.638676, 1.5
41.794745, -87.665970, 1.5
41.968957, -87.656429, 1.5
41.878276, -87.749194, 1.5
41.768593, -87.582993, 1.5
41.877172, -87.710366, 1.5
41.873368, -87.719601, 1.5
41.885860, -87.626889, 1.5
41.808520, -87.596961, 1.5
41.682465, -87.620804, 1.5
41.978043, -87.659213, 1.5
41.829268, -87.606630, 1.5
41.703883, -87.565586, 1.5
41.736708, -87.608330, 1.5
41.762994, -87.662803, 1.5
41.903629, -87.708412, 1.5
41.780916, -87.613075, 1.5
41.924497, -87.716660, 1.5
41.881238, -87.674343, 1.5
41.903480, -87.771920, 1.5
41.739612, -87.658426, 1.5
41.984552, -87.836730, 1.5
41.889455, -87.620330, 1.5
41.814109, -87.645531, 1.5
41.789117, -87.638237, 1.5
41.789117, -87.638237, 1.5
41.789117, -87.638237, 1.5
41.819948, -87.624594, 1.5
41.925851, -87.769831, 1.5
41.914957, -87.736122, 1.5
41.746641, -87.613741, 1.5
41.987264, -87.789800, 1.5
41.817389, -87.633893, 1.5
41.800135, -87.652455, 1.5
41.874259, -87.642570, 1.5
41.976309, -87.904981, 1.5
41.746785, -87.605259, 1.5
41.895386, -87.712533, 1.5
41.967260, -87.662809, 1.5
41.759314, -87.652901, 1.5
41.773710, -87.661771, 1.5
41.755674, -87.584364, 1.5
41.704466, -87.564612, 1.5
42.019851, -87.666374, 1.5
41.687306, -87.632411, 1.5
41.768765, -87.683212, 1.5
41.750828, -87.625183, 1.5
42.019269, -87.672041, 1.5
41.736378, -87.627639, 1.5
41.897831, -87.623950, 1.5
41.883465, -87.710030, 1.5
41.750860, -87.625967, 1.5
41.771915, -87.608033, 1.5
41.878509, -87.760634, 1.5
41.908978, -87.638676, 1.5
41.794029, -87.674005, 1.5
41.858017, -87.643659, 1.5
41.872998, -87.744847, 1.5
41.751387, -87.642991, 1.5
41.723022, -87.623638, 1.5
42.019885, -87.666080, 1.5
41.744137, -87.702383, 1.5
41.869533, -87.764668, 1.5
41.860518, -87.723938, 1.5
41.938868, -87.723266, 1.5
41.800511, -87.641804, 1.5
41.891260, -87.650349, 1.5
41.882193, -87.760329, 1.5
41.941664, -87.651557, 1.5
41.858008, -87.712891, 1.5
41.869573, -87.653756, 1.5
41.949901, -87.729271, 1.5
41.831061, -87.630731, 1.5
42.013332, -87.683288, 1.5
41.775070, -87.683387, 1.5
41.804300, -87.622856, 1.5
41.967001, -87.658336, 1.5
41.721649, -87.621844, 1.5
41.768676, -87.625511, 1.5
41.810245, -87.612362, 1.5
41.923862, -87.667324, 1.5
41.937098, -87.747945, 1.5
41.750828, -87.625183, 1.5
41.740818, -87.552864, 1.5
41.777494, -87.637615, 1.5
41.937098, -87.747945, 1.5
41.775115, -87.693439, 1.5
41.931539, -87.737558, 1.5
42.002205, -87.663384, 1.5
41.734609, -87.667755, 1.5
41.725711, -87.565542, 1.5
41.791093, -87.598216, 1.5
41.782860, -87.669302, 1.5
41.899125, -87.641707, 1.5
41.892139, -87.624315, 1.5
41.941297, -87.640604, 1.5
41.899125, -87.641707, 1.5
41.769075, -87.625613, 1.5
41.879521, -87.627862, 1.5
41.885630, -87.631518, 1.5
41.895870, -87.672819, 1.5
41.885860, -87.626889, 1.5
41.679759, -87.622569, 1.5
41.750860, -87.625967, 1.5
41.761835, -87.689432, 1.5
41.880329, -87.749792, 1.5
41.782652, -87.648361, 1.5
41.908286, -87.689480, 1.5
41.750820, -87.644195, 1.5
41.698655, -87.533015, 1.5
41.786824, -87.651246, 1.5
41.878555, -87.627836, 1.5
41.968437, -87.720090, 1.5
41.925658, -87.648843, 1.5
41.775778, -87.682052, 1.5
41.907031, -87.761955, 1.5
41.876063, -87.630580, 1.5
41.968031, -87.736932, 1.5
41.958257, -87.702191, 1.5
41.764607, -87.624742, 1.5
41.792265, -87.634250, 1.5
41.687005, -87.664819, 1.5
41.940248, -87.669226, 1.5
42.002205, -87.663384, 1.5
42.013926, -87.702748, 1.5
41.858017, -87.643659, 1.5
41.978894, -87.906468, 1.5
41.879382, -87.745989, 1.5
41.776989, -87.670085, 1.5
41.870140, -87.746177, 1.5
41.777302, -87.759845, 1.5
41.733860, -87.619452, 1.5
41.886832, -87.626555, 1.5
41.815262, -87.684767, 1.5
41.876796, -87.627796, 1.5
41.703895, -87.564604, 1.5
42.020921, -87.670577, 1.5
41.772154, -87.683596, 1.5
41.707205, -87.628826, 1.5
41.794029, -87.674005, 1.5
41.818885, -87.696198, 1.5
41.958634, -87.786926, 1.5
41.750860, -87.625967, 1.5
41.743629, -87.610015, 1.5
41.747332, -87.634969, 1.5
41.668176, -87.628505, 1.5
41.804579, -87.624485, 1.5
41.776309, -87.763792, 1.5
41.918497, -87.786368, 1.5
41.779509, -87.653780, 1.5
41.786948, -87.786347, 1.5
41.909517, -87.763043, 1.5
41.769135, -87.626814, 1.5
41.863540, -87.644829, 1.5
41.790869, -87.661012, 1.5
41.751546, -87.566085, 1.5
41.804344, -87.747812, 1.5
41.915677, -87.750768, 1.5
41.919826, -87.742679, 1.5
41.690223, -87.667462, 1.5
42.010488, -87.663584, 1.5
41.977681, -87.903500, 1.5
41.746952, -87.654512, 1.5
41.796598, -87.659944, 1.5
41.776826, -87.631591, 1.5
41.789540, -87.625718, 1.5
41.906983, -87.732706, 1.5
41.772154, -87.683596, 1.5
41.770650, -87.617149, 1.5
41.861897, -87.734688, 1.5
41.811661, -87.604566, 1.5
41.668668, -87.636676, 1.5
41.882628, -87.769991, 1.5
41.964858, -87.713429, 1.5
41.794303, -87.674461, 1.5
41.750887, -87.634366, 1.5
41.750255, -87.644183, 1.5
41.971243, -87.700151, 1.5
41.765282, -87.604537, 1.5
41.809402, -87.622433, 1.5
41.707110, -87.620078, 1.5
41.940634, -87.649437, 1.5
41.886909, -87.624394, 1.5
41.694332, -87.619095, 1.5
41.917685, -87.688566, 1.5
41.962965, -87.781851, 1.5
41.791952, -87.736462, 1.5
41.739088, -87.602316, 1.5
41.966085, -87.727823, 1.5
41.939090, -87.654228, 1.5
41.745328, -87.659817, 1.5
41.888053, -87.624709, 1.5
41.806960, -87.603698, 1.5
41.896413, -87.624135, 1.5
41.813987, -87.689336, 1.5
41.872730, -87.739173, 1.5
41.861247, -87.709328, 1.5
41.825265, -87.668893, 1.5
41.877897, -87.767892, 1.5
41.787913, -87.741285, 1.5
41.905851, -87.638578, 1.5
41.893184, -87.756617, 1.5
41.938992, -87.742712, 1.5
41.692399, -87.629277, 1.5
41.753669, -87.612420, 1.5
41.692722, -87.604427, 1.5
41.914386, -87.714920, 1.5
41.941324, -87.651954, 1.5
41.805494, -87.657449, 1.5
41.941123, -87.652780, 1.5
41.778344, -87.649463, 1.5
41.778213, -87.633549, 1.5
41.767877, -87.633371, 1.5
41.884983, -87.715237, 1.5
41.919088, -87.787608, 1.5
41.667753, -87.639314, 1.5
41.886910, -87.745660, 1.5
41.823636, -87.640781, 1.5
41.938522, -87.762067, 1.5
41.936442, -87.725373, 1.5
41.875214, -87.720846, 1.5
41.888010, -87.622667, 1.5
41.736876, -87.638629, 1.5
41.922941, -87.730547, 1.5
41.777205, -87.640654, 1.5
41.721808, -87.625289, 1.5
41.932919, -87.644341, 1.5
41.896922, -87.747992, 1.5
41.898867, -87.742490, 1.5
41.755713, -87.551862, 1.5
41.896758, -87.628352, 1.5
41.903313, -87.773126, 1.5
41.896758, -87.628352, 1.5
41.898067, -87.623948, 1.5
41.780320, -87.617093, 1.5
41.858488, -87.719894, 1.5
41.761854, -87.559566, 1.5
41.866574, -87.625665, 1.5
41.716218, -87.652682, 1.5
41.945420, -87.707298, 1.5
41.854837, -87.719789, 1.5
41.807497, -87.658715, 1.5
41.912692, -87.728718, 1.5
41.804378, -87.618175, 1.5
41.773422, -87.588318, 1.5
41.736515, -87.606471, 1.5
41.772303, -87.714047, 1.5
41.976653, -87.900988, 1.5
41.692332, -87.635257, 1.5
41.981959, -87.766998, 1.5
41.791038, -87.708539, 1.5
41.895638, -87.708989, 1.5
41.807899, -87.711471, 1.5
41.652977, -87.537605, 1.5
41.987879, -87.655173, 1.5
41.957049, -87.717765, 1.5
41.857257, -87.665985, 1.5
41.885122, -87.756613, 1.5
41.897765, -87.623958, 1.5
41.976233, -87.655153, 1.5
41.942359, -87.640133, 1.5
41.865538, -87.710666, 1.5
41.815096, -87.611453, 1.5
41.728844, -87.574158, 1.5
41.764812, -87.663938, 1.5
41.908978, -87.638676, 1.5
41.772006, -87.664164, 1.5
41.684982, -87.641135, 1.5
41.852990, -87.635586, 1.5
41.755853, -87.561316, 1.5
41.878692, -87.627841, 1.5
41.811410, -87.670056, 1.5
41.757167, -87.558698, 1.5
41.879377, -87.763612, 1.5
41.902962, -87.763299, 1.5
41.718834, -87.629955, 1.5
41.807768, -87.624563, 1.5
41.776545, -87.640932, 1.5
41.892460, -87.762188, 1.5
41.758797, -87.573552, 1.5
41.761677, -87.670873, 1.5
41.674580, -87.601597, 1.5
41.903821, -87.629181, 1.5
41.755904, -87.644328, 1.5
41.908092, -87.666551, 1.5
41.674600, -87.600759, 1.5
41.674600, -87.600759, 1.5
41.875310, -87.730701, 1.5
41.995372, -87.802268, 1.5
41.903058, -87.629116, 1.5
41.952040, -87.698837, 1.5
41.939305, -87.718782, 1.5
41.976663, -87.901363, 1.5
41.901725, -87.631926, 1.5
41.978894, -87.906468, 1.5
41.807865, -87.644091, 1.5
41.736123, -87.624014, 1.5
41.750676, -87.649012, 1.5
41.897384, -87.726001, 1.5
41.751777, -87.548234, 1.5
41.736167, -87.625036, 1.5
41.806876, -87.666563, 1.5
41.927094, -87.747819, 1.5
41.822996, -87.633369, 1.5
41.707208, -87.628423, 1.5
41.939835, -87.651797, 1.5
41.883279, -87.741723, 1.5
42.019274, -87.672898, 1.5
41.946096, -87.660259, 1.5
41.952620, -87.650694, 1.5
41.974749, -87.890373, 1.5
41.884979, -87.624625, 1.5
41.755904, -87.644328, 1.5
41.878117, -87.626754, 1.5
41.828059, -87.621848, 1.5
41.884490, -87.692841, 1.5
41.659124, -87.642356, 1.5
41.756077, -87.653096, 1.5
41.846603, -87.691857, 1.5
41.905445, -87.708266, 1.5
41.980717, -87.883612, 1.5
41.852480, -87.664192, 1.5
41.895194, -87.741716, 1.5
41.788631, -87.623788, 1.5
41.830802, -87.614626, 1.5
41.787518, -87.622806, 1.5
42.011167, -87.687207, 1.5
41.678782, -87.629744, 1.5
41.852577, -87.685510, 1.5
41.759739, -87.653835, 1.5
41.879110, -87.749223, 1.5
41.693286, -87.631134, 1.5
41.697465, -87.619467, 1.5
41.756585, -87.646769, 1.5
41.751411, -87.577055, 1.5
41.909583, -87.740749, 1.5
41.740202, -87.667887, 1.5
41.877651, -87.686946, 1.5
41.888168, -87.624693, 1.5
41.773339, -87.622871, 1.5
42.021355, -87.672045, 1.5
41.710075, -87.613698, 1.5
41.778973, -87.615744, 1.5
41.865236, -87.694755, 1.5
41.782004, -87.608568, 1.5
41.897765, -87.623958, 1.5
41.886704, -87.628132, 1.5
41.941519, -87.827838, 1.5
41.793499, -87.654714, 1.5
41.750826, -87.625267, 1.5
41.844026, -87.628593, 1.5
41.777090, -87.670087, 1.5
41.896872, -87.728742, 1.5
41.925398, -87.658665, 1.5
41.865205, -87.724995, 1.5
41.952794, -87.787336, 1.5
41.748601, -87.666690, 1.5
41.885487, -87.707480, 1.5
41.679822, -87.634242, 1.5
41.776269, -87.615675, 1.5
41.878056, -87.629244, 1.5
41.682465, -87.620804, 1.5
41.777977, -87.617130, 1.5
41.751367, -87.606795, 1.5
41.866140, -87.719134, 1.5
41.757031, -87.588746, 1.5
41.905477, -87.639754, 1.5
41.777894, -87.705678, 1.5
41.869205, -87.663133, 1.5
41.732495, -87.625483, 1.5
41.750828, -87.625183, 1.5
41.766871, -87.667370, 1.5
41.863956, -87.715498, 1.5
41.876937, -87.706150, 1.5
41.918608, -87.765581, 1.5
41.869017, -87.740221, 1.5
41.740296, -87.694140, 1.5
41.885703, -87.679652, 1.5
41.748364, -87.574855, 1.5
41.975518, -87.659699, 1.5
41.976309, -87.904981, 1.5
41.767159, -87.663998, 1.5
41.931035, -87.710864, 1.5
41.733708, -87.582659, 1.5
41.880658, -87.642475, 1.5
41.722875, -87.624413, 1.5
41.973362, -87.750080, 1.5
41.778973, -87.615744, 1.5
41.866014, -87.772776, 1.5
41.831113, -87.627018, 1.5
41.779597, -87.647330, 1.5
41.748796, -87.664761, 1.5
41.880904, -87.720612, 1.5
41.903597, -87.631586, 1.5
41.990955, -87.699271, 1.5
41.721781, -87.623586, 1.5
41.746076, -87.560221, 1.5
41.774684, -87.680806, 1.5
41.750684, -87.660069, 1.5
41.910787, -87.746051, 1.5
41.718603, -87.533016, 1.5
41.827132, -87.665341, 1.5
41.873520, -87.710585, 1.5
41.767354, -87.634572, 1.5
41.900523, -87.699435, 1.5
41.953709, -87.650142, 1.5
41.809222, -87.706579, 1.5
41.882153, -87.763418, 1.5
41.843525, -87.627061, 1.5
41.864492, -87.639305, 1.5
41.751801, -87.552866, 1.5
41.900523, -87.699435, 1.5
41.752543, -87.553447, 1.5
41.656757, -87.614003, 1.5
41.688784, -87.532727, 1.5
41.961924, -87.651797, 1.5
42.021261, -87.670452, 1.5
41.952652, -87.795156, 1.5
41.931055, -87.790391, 1.5
41.879098, -87.700297, 1.5
41.769456, -87.662585, 1.5
41.895303, -87.721069, 1.5
41.761285, -87.655380, 1.5
41.750223, -87.664845, 1.5
41.849000, -87.705024, 1.5
41.850293, -87.712668, 1.5
41.894956, -87.765754, 1.5
41.835176, -87.681579, 1.5
41.772565, -87.644454, 1.5
41.733544, -87.551490, 1.5
41.735973, -87.658017, 1.5
41.692436, -87.628057, 1.5
41.756464, -87.635812, 1.5
41.679822, -87.634242, 1.5
41.798619, -87.762626, 1.5
41.782799, -87.697876, 1.5
41.993847, -87.687456, 1.5
41.791484, -87.710280, 1.5
41.892339, -87.705375, 1.5
41.765628, -87.609368, 1.5
41.884669, -87.736151, 1.5
41.879970, -87.626292, 1.5
41.752069, -87.644230, 1.5
41.764561, -87.651530, 1.5
41.743368, -87.636269, 1.5
41.898218, -87.716553, 1.5
41.976309, -87.904981, 1.5
41.895280, -87.723516, 1.5
41.909496, -87.783502, 1.5
41.883560, -87.627736, 1.5
41.909219, -87.769412, 1.5
41.721513, -87.624633, 1.5
41.675887, -87.634772, 1.5
41.706987, -87.628557, 1.5
41.855593, -87.700713, 1.5
41.983617, -87.660294, 1.5
41.782182, -87.586651, 1.5
41.910842, -87.697162, 1.5
41.886045, -87.620831, 1.5
41.809235, -87.618986, 1.5
41.895386, -87.712533, 1.5
42.008029, -87.665332, 1.5
41.898067, -87.623948, 1.5
42.006075, -87.670120, 1.5
41.764703, -87.672964, 1.5
41.780148, -87.614532, 1.5
41.767785, -87.635850, 1.5
41.875926, -87.631889, 1.5
41.766278, -87.670074, 1.5
41.773596, -87.612926, 1.5
41.674707, -87.600809, 1.5
41.699714, -87.627172, 1.5
41.725225, -87.644388, 1.5
41.758350, -87.653798, 1.5
41.998737, -87.691280, 1.5
41.804257, -87.586630, 1.5
41.844224, -87.628301, 1.5
41.990216, -87.730802, 1.5
41.793336, -87.616094, 1.5
41.770882, -87.648050, 1.5
41.877389, -87.690616, 1.5
41.996788, -87.685241, 1.5
41.903021, -87.665737, 1.5
41.780085, -87.630918, 1.5
41.737720, -87.577094, 1.5
41.877203, -87.659583, 1.5
41.768430, -87.664550, 1.5
41.759696, -87.558639, 1.5
42.018018, -87.690339, 1.5
41.801186, -87.703925, 1.5
41.961822, -87.659726, 1.5
41.863700, -87.716415, 1.5
41.976960, -87.685644, 1.5
41.904350, -87.721530, 1.5
41.763522, -87.586410, 1.5
41.692452, -87.624835, 1.5
41.779268, -87.669357, 1.5
41.797390, -87.585613, 1.5
41.797390, -87.585613, 1.5
41.953972, -87.683734, 1.5
41.746790, -87.560230, 1.5
41.777658, -87.671948, 1.5
41.789874, -87.622491, 1.5
41.766785, -87.588058, 1.5
41.883336, -87.736945, 1.5
41.886366, -87.624382, 1.5
41.878694, -87.629475, 1.5
41.849933, -87.677102, 1.5
41.850933, -87.691303, 1.5
41.816484, -87.619185, 1.5
41.990407, -87.688558, 1.5
41.829756, -87.613148, 1.5
41.721193, -87.655801, 1.5
41.897954, -87.624243, 1.5
41.746530, -87.663491, 1.5
41.886440, -87.722373, 1.5
41.884265, -87.739364, 1.5
41.744427, -87.560244, 1.5
41.789956, -87.631870, 1.5
41.789432, -87.603585, 1.5
41.906268, -87.716303, 1.5
41.749357, -87.552705, 1.5
41.876696, -87.760217, 1.5
41.839484, -87.646170, 1.5
42.018334, -87.698421, 1.5
41.771955, -87.674741, 1.5
41.825008, -87.623254, 1.5
41.835981, -87.734196, 1.5
41.866140, -87.719134, 1.5
41.975518, -87.659699, 1.5
41.765118, -87.673689, 1.5
41.692844, -87.600746, 1.5
41.785825, -87.671504, 1.5
41.978894, -87.906468, 1.5
41.709141, -87.635756, 1.5
41.894109, -87.772123, 1.5
41.752157, -87.570043, 1.5
41.738428, -87.668137, 1.5
41.659003, -87.614604, 1.5
41.891449, -87.749930, 1.5
41.782182, -87.586651, 1.5
41.699957, -87.623464, 1.5
41.691041, -87.620885, 1.5
41.773291, -87.574191, 1.5
41.778626, -87.610267, 1.5
41.792082, -87.624168, 1.5
41.777977, -87.617130, 1.5
41.801672, -87.645496, 1.5
41.682465, -87.620804, 1.5
41.788631, -87.623788, 1.5
41.755142, -87.649159, 1.5
41.814631, -87.604631, 1.5
41.781895, -87.688748, 1.5
41.882413, -87.624231, 1.5
41.749583, -87.603802, 1.5
41.878960, -87.727075, 1.5
41.811765, -87.594723, 1.5
41.725853, -87.587205, 1.5
41.945848, -87.747203, 1.5
41.751820, -87.551360, 1.5
41.792046, -87.659533, 1.5
41.754263, -87.637635, 1.5
41.766542, -87.628342, 1.5
41.750828, -87.625183, 1.5
41.897579, -87.704497, 1.5
41.796312, -87.647819, 1.5
41.815808, -87.633704, 1.5
41.804438, -87.670792, 1.5
41.885860, -87.626889, 1.5
41.828670, -87.614580, 1.5
41.856818, -87.679344, 1.5
41.856938, -87.662123, 1.5
41.783699, -87.615856, 1.5
41.780824, -87.688715, 1.5
41.794027, -87.674181, 1.5
41.737214, -87.549892, 1.5
41.925826, -87.688749, 1.5
41.879969, -87.672337, 1.5
41.955883, -87.678031, 1.5
41.808767, -87.645684, 1.5
41.878458, -87.625942, 1.5
41.878692, -87.627841, 1.5
41.738546, -87.643839, 1.5
41.997392, -87.658295, 1.5
41.748042, -87.556617, 1.5
41.768726, -87.664059, 1.5
41.933196, -87.806434, 1.5
41.694828, -87.645039, 1.5
41.793298, -87.661075, 1.5
41.806784, -87.739321, 1.5
41.901739, -87.734316, 1.5
41.753772, -87.675806, 1.5
41.791271, -87.796285, 1.5
41.679144, -87.684291, 1.5
41.903813, -87.630129, 1.5
41.931125, -87.710202, 1.5
41.870558, -87.728854, 1.5
41.771849, -87.583974, 1.5
41.765795, -87.663968, 1.5
41.878035, -87.631187, 1.5
41.679762, -87.622569, 1.5
41.702659, -87.563107, 1.5
41.925985, -87.766207, 1.5
41.724455, -87.614062, 1.5
41.750179, -87.614801, 1.5
41.768748, -87.643212, 1.5
41.706628, -87.653808, 1.5
41.791837, -87.676529, 1.5
41.758238, -87.631446, 1.5
41.775250, -87.608123, 1.5
41.885211, -87.667200, 1.5
41.866577, -87.625665, 1.5
41.940043, -87.715595, 1.5
41.896802, -87.626988, 1.5
41.896802, -87.626988, 1.5
41.884332, -87.739069, 1.5
41.947713, -87.657095, 1.5
41.715772, -87.643207, 1.5
41.928394, -87.693126, 1.5
41.763665, -87.565251, 1.5
41.746522, -87.653780, 1.5
41.683498, -87.632149, 1.5
41.751146, -87.601395, 1.5
41.881241, -87.674343, 1.5
41.735187, -87.550140, 1.5
41.747591, -87.591893, 1.5
41.732655, -87.631889, 1.5
41.765554, -87.629236, 1.5
41.743560, -87.727640, 1.5
41.918610, -87.765581, 1.5
41.947210, -87.649613, 1.5
42.007162, -87.663556, 1.5
41.765714, -87.620412, 1.5
41.777587, -87.615708, 1.5
41.746951, -87.574538, 1.5
41.916083, -87.721782, 1.5
41.693055, -87.680775, 1.5
41.746522, -87.653780, 1.5
41.912018, -87.709278, 1.5
41.921233, -87.770908, 1.5
41.923046, -87.730255, 1.5
41.699720, -87.621075, 1.5
41.904689, -87.714599, 1.5
41.881244, -87.735646, 1.5
41.707327, -87.620057, 1.5
41.781071, -87.604175, 1.5
41.898067, -87.623948, 1.5
41.769286, -87.623785, 1.5
41.883182, -87.731574, 1.5
41.885860, -87.626889, 1.5
41.748670, -87.641693, 1.5
41.858017, -87.643659, 1.5
41.876304, -87.678316, 1.5
41.897765, -87.623958, 1.5
41.836652, -87.647668, 1.5
41.751504, -87.575335, 1.5
41.787736, -87.716986, 1.5
41.673647, -87.628398, 1.5
42.010483, -87.664092, 1.5
41.876037, -87.701128, 1.5
41.823556, -87.696226, 1.5
41.698464, -87.562106, 1.5
41.751824, -87.567331, 1.5
41.765512, -87.662472, 1.5
41.750996, -87.615535, 1.5
41.896591, -87.626300, 1.5
41.840903, -87.633101, 1.5
41.932836, -87.772232, 1.5
41.846890, -87.710128, 1.5
41.751749, -87.683039, 1.5
41.817934, -87.696817, 1.5
41.764164, -87.683376, 1.5
41.924866, -87.702810, 1.5
41.864492, -87.639305, 1.5
41.794029, -87.674005, 1.5
42.014547, -87.664579, 1.5
41.721513, -87.624633, 1.5
41.883062, -87.691210, 1.5
41.782836, -87.703100, 1.5
41.763762, -87.644522, 1.5
41.885166, -87.633771, 1.5
41.728986, -87.551084, 1.5
41.881978, -87.685866, 1.5
41.810602, -87.699028, 1.5
41.773172, -87.610138, 1.5
41.817353, -87.606867, 1.5
41.784152, -87.606758, 1.5
41.866221, -87.712132, 1.5
41.772960, -87.644464, 1.5
41.792060, -87.616060, 1.5
41.884179, -87.722314, 1.5
41.763009, -87.681522, 1.5
41.670859, -87.621199, 1.5
41.793798, -87.693924, 1.5
41.880987, -87.693048, 1.5
41.903781, -87.632014, 1.5
41.779630, -87.660921, 1.5
41.896639, -87.700253, 1.5
41.886702, -87.745232, 1.5
41.887850, -87.617344, 1.5
41.945657, -87.776748, 1.5
41.878349, -87.756005, 1.5
41.803867, -87.610233, 1.5
41.756071, -87.605180, 1.5
41.854847, -87.690875, 1.5
41.697927, -87.701195, 1.5
41.751398, -87.604863, 1.5
41.931065, -87.788017, 1.5
41.962896, -87.684651, 1.5
41.761704, -87.646898, 1.5
41.774201, -87.603212, 1.5
41.997455, -87.665229, 1.5
42.005203, -87.674464, 1.5
41.977029, -87.901787, 1.5
41.883105, -87.633716, 1.5
41.957292, -87.785636, 1.5
41.782829, -87.611004, 1.5
41.778984, -87.694808, 1.5
41.882013, -87.704888, 1.5
41.711557, -87.602826, 1.5
41.751655, -87.580790, 1.5
41.960059, -87.672227, 1.5
41.801186, -87.703925, 1.5
41.883011, -87.679275, 1.5
41.819393, -87.632121, 1.5
41.900471, -87.644620, 1.5
41.747625, -87.550249, 1.5
41.860891, -87.717092, 1.5
41.884075, -87.761822, 1.5
41.705648, -87.532726, 1.5
41.894748, -87.629490, 1.5
41.693136, -87.525969, 1.5
41.826846, -87.638853, 1.5
41.904547, -87.707632, 1.5
41.990298, -87.705104, 1.5
41.874464, -87.643746, 1.5
41.794203, -87.660505, 1.5
41.743747, -87.624187, 1.5
42.022639, -87.672944, 1.5
41.745833, -87.635362, 1.5
41.779020, -87.687446, 1.5
41.882024, -87.682730, 1.5
41.765395, -87.577008, 1.5
41.778401, -87.702979, 1.5
41.823892, -87.632325, 1.5
41.755153, -87.669778, 1.5
41.887125, -87.624693, 1.5
41.905339, -87.683283, 1.5
41.827867, -87.621843, 1.5
41.737174, -87.575086, 1.5
41.738996, -87.663294, 1.5
41.790743, -87.625459, 1.5
41.657212, -87.606028, 1.5
41.853526, -87.724955, 1.5
41.966428, -87.657967, 1.5
41.979010, -87.658037, 1.5
41.850454, -87.719695, 1.5
41.754705, -87.644004, 1.5
41.835166, -87.636051, 1.5
41.763572, -87.639019, 1.5
41.775668, -87.615660, 1.5
41.922003, -87.748851, 1.5
41.902613, -87.686870, 1.5
41.960590, -87.767580, 1.5
41.883098, -87.630316, 1.5
41.653148, -87.601734, 1.5
41.878252, -87.763570, 1.5
41.876537, -87.697249, 1.5
41.878834, -87.678231, 1.5
41.905367, -87.685722, 1.5
41.692137, -87.665853, 1.5
41.879393, -87.626728, 1.5
41.898077, -87.622001, 1.5
41.897765, -87.623958, 1.5
41.881283, -87.685576, 1.5
41.966809, -87.649124, 1.5
41.863269, -87.659267, 1.5
41.868074, -87.627294, 1.5
41.864073, -87.618942, 1.5
41.777205, -87.640654, 1.5
41.756077, -87.653096, 1.5
41.722875, -87.624413, 1.5
41.974749, -87.890373, 1.5
41.823733, -87.633171, 1.5
41.878555, -87.627836, 1.5
41.757774, -87.602771, 1.5
41.686456, -87.631176, 1.5
41.751054, -87.624407, 1.5
41.876641, -87.697252, 1.5
41.956535, -87.708476, 1.5
41.752378, -87.607835, 1.5
41.709195, -87.637894, 1.5
41.766284, -87.582774, 1.5
41.764234, -87.624735, 1.5
41.793514, -87.664722, 1.5
41.743110, -87.668609, 1.5
41.689036, -87.533017, 1.5
41.997015, -87.819100, 1.5
41.778052, -87.680893, 1.5
41.776480, -87.617389, 1.5
41.677985, -87.636235, 1.5
41.992689, -87.677278, 1.5
41.744605, -87.653437, 1.5
41.654812, -87.544579, 1.5
41.822488, -87.703992, 1.5
41.889206, -87.719651, 1.5
41.773422, -87.588318, 1.5
41.870912, -87.699864, 1.5
41.780505, -87.682228, 1.5
41.777205, -87.640654, 1.5
41.783692, -87.620399, 1.5
41.663472, -87.554563, 1.5
41.778356, -87.684692, 1.5
41.701325, -87.530598, 1.5
41.808302, -87.699447, 1.5
41.747392, -87.549032, 1.5
41.769135, -87.626814, 1.5
41.779346, -87.684990, 1.5
41.866140, -87.719134, 1.5
41.901203, -87.723673, 1.5
41.719388, -87.534226, 1.5
41.880418, -87.759985, 1.5
41.938583, -87.698993, 1.5
41.947157, -87.688416, 1.5
41.903215, -87.668842, 1.5
42.008230, -87.672070, 1.5
41.887244, -87.755172, 1.5
41.688102, -87.535997, 1.5
41.884285, -87.692475, 1.5
41.877402, -87.635045, 1.5
41.917577, -87.782665, 1.5
41.763490, -87.644492, 1.5
41.896540, -87.717425, 1.5
41.798840, -87.666999, 1.5
41.772891, -87.574181, 1.5
41.814567, -87.618153, 1.5
41.965315, -87.655001, 1.5
41.721080, -87.679832, 1.5
41.883504, -87.749209, 1.5
41.883504, -87.749209, 1.5
42.012536, -87.674005, 1.5
41.937098, -87.747945, 1.5
41.776953, -87.665271, 1.5
41.682465, -87.620804, 1.5
41.753157, -87.608728, 1.5
41.779034, -87.674053, 1.5
41.772393, -87.662653, 1.5
41.921634, -87.728990, 1.5
41.894900, -87.620835, 1.5
41.758095, -87.644088, 1.5
41.782182, -87.586651, 1.5
41.818666, -87.694674, 1.5
41.856223, -87.732700, 1.5
41.788972, -87.652169, 1.5
41.802048, -87.611925, 1.5
41.762499, -87.620161, 1.5
41.899574, -87.642018, 1.5
41.750182, -87.668169, 1.5
41.782182, -87.586651, 1.5
41.796037, -87.625885, 1.5
41.934431, -87.640576, 1.5
41.859071, -87.716144, 1.5
41.779176, -87.675914, 1.5
41.847974, -87.685380, 1.5
41.682465, -87.620804, 1.5
41.721075, -87.664700, 1.5
41.970154, -87.653699, 1.5
41.728561, -87.650973, 1.5
41.780560, -87.689634, 1.5
41.758706, -87.574766, 1.5
41.751722, -87.558702, 1.5
41.909554, -87.675959, 1.5
41.751100, -87.652398, 1.5
41.682465, -87.620804, 1.5
41.797623, -87.687956, 1.5
41.880913, -87.701462, 1.5
41.792109, -87.616060, 1.5
41.790819, -87.661009, 1.5
41.958634, -87.786926, 1.5
41.881437, -87.661364, 1.5
41.899206, -87.693608, 1.5
41.699311, -87.647620, 1.5
41.782781, -87.671429, 1.5
41.796107, -87.703484, 1.5
41.755997, -87.603019, 1.5
41.748600, -87.615049, 1.5
41.845825, -87.706446, 1.5
41.804358, -87.720575, 1.5
41.713702, -87.653613, 1.5
41.879487, -87.634450, 1.5
41.894720, -87.766902, 1.5
41.762780, -87.610214, 1.5
41.905638, -87.639095, 1.5
41.766566, -87.662502, 1.5
42.001249, -87.660885, 1.5
41.773556, -87.597119, 1.5
41.830207, -87.675131, 1.5
41.902243, -87.774307, 1.5
41.906060, -87.639450, 1.5
41.748838, -87.634890, 1.5
41.744427, -87.560244, 1.5
41.750822, -87.626378, 1.5
41.895303, -87.721069, 1.5
41.700374, -87.623477, 1.5
41.683167, -87.634986, 1.5
41.866140, -87.719134, 1.5
41.746205, -87.550512, 1.5
41.786481, -87.676800, 1.5
41.858842, -87.710181, 1.5
41.968136, -87.650852, 1.5
41.763479, -87.645057, 1.5
41.894815, -87.711565, 1.5
41.862158, -87.713008, 1.5
42.019274, -87.672898, 1.5
41.765043, -87.662041, 1.5
41.856719, -87.671222, 1.5
41.912585, -87.663374, 1.5
41.881007, -87.720908, 1.5
41.947399, -87.651489, 1.5
41.907493, -87.693408, 1.5
41.906296, -87.626461, 1.5
41.893632, -87.631030, 1.5
41.976653, -87.900988, 1.5
41.737192, -87.551574, 1.5
41.830990, -87.617824, 1.5
41.747806, -87.605288, 1.5
41.823744, -87.697871, 1.5
41.948240, -87.649370, 1.5
41.751849, -87.565370, 1.5
41.750953, -87.613857, 1.5
41.672283, -87.631052, 1.5
41.879969, -87.672337, 1.5
41.765044, -87.661799, 1.5
41.898737, -87.760630, 1.5
41.997554, -87.660640, 1.5
41.759879, -87.621719, 1.5
41.908659, -87.693433, 1.5
41.689909, -87.637608, 1.5
41.802838, -87.662241, 1.5
41.867360, -87.639369, 1.5
41.851937, -87.685788, 1.5
41.960590, -87.767580, 1.5
41.852480, -87.625347, 1.5
41.978405, -87.906397, 1.5
41.701272, -87.642806, 1.5
41.805288, -87.624209, 1.5
41.777204, -87.687105, 1.5
41.746448, -87.644990, 1.5
41.733759, -87.557734, 1.5
41.754161, -87.659527, 1.5
41.991351, -87.658109, 1.5
41.762620, -87.576410, 1.5
41.792313, -87.676835, 1.5
41.999543, -87.683348, 1.5
41.793830, -87.645271, 1.5
41.873582, -87.705400, 1.5
41.757529, -87.646795, 1.5
41.718056, -87.569992, 1.5
41.752152, -87.644232, 1.5
41.747326, -87.634064, 1.5
41.685659, -87.659868, 1.5
41.736557, -87.550175, 1.5
41.759510, -87.588538, 1.5
41.954493, -87.647252, 1.5
41.901369, -87.727642, 1.5
41.775095, -87.586451, 1.5
41.894376, -87.666572, 1.5
41.939765, -87.671657, 1.5
41.750046, -87.600158, 1.5
41.874676, -87.735414, 1.5
41.752722, -87.703541, 1.5
41.705917, -87.559497, 1.5
41.863031, -87.709031, 1.5
41.827155, -87.633720, 1.5
41.749240, -87.577014, 1.5
41.818976, -87.634000, 1.5
41.765988, -87.573727, 1.5
41.653148, -87.601734, 1.5
41.698815, -87.662166, 1.5
41.795716, -87.692783, 1.5
41.868802, -87.639097, 1.5
41.765988, -87.573727, 1.5
41.827426, -87.695798, 1.5
41.745965, -87.689943, 1.5
41.975109, -87.679525, 1.5
41.712950, -87.566851, 1.5
41.778188, -87.615724, 1.5
41.758930, -87.562203, 1.5
41.746522, -87.653780, 1.5
41.956381, -87.726323, 1.5
41.772433, -87.671459, 1.5
41.861652, -87.660639, 1.5
41.779221, -87.693519, 1.5
41.717943, -87.615402, 1.5
41.764669, -87.676216, 1.5
42.014760, -87.706137, 1.5
41.772154, -87.683596, 1.5
41.902820, -87.663667, 1.5
41.813761, -87.666188, 1.5
41.783422, -87.605853, 1.5
41.961207, -87.715714, 1.5
41.783323, -87.605851, 1.5
41.871494, -87.627370, 1.5
41.878656, -87.749037, 1.5
41.916790, -87.694873, 1.5
41.876580, -87.752463, 1.5
41.829136, -87.685148, 1.5
41.657296, -87.592048, 1.5
41.868074, -87.627294, 1.5
41.720469, -87.632450, 1.5
42.009405, -87.702900, 1.5
41.912603, -87.655743, 1.5
41.779566, -87.644929, 1.5
41.756553, -87.606729, 1.5
41.803928, -87.610232, 1.5
41.779502, -87.654081, 1.5
41.732805, -87.630796, 1.5
41.760924, -87.647800, 1.5
41.794643, -87.631415, 1.5
41.706675, -87.670332, 1.5
41.822105, -87.702198, 1.5
41.695325, -87.631522, 1.5
41.909763, -87.743312, 1.5
41.743276, -87.717085, 1.5
41.896177, -87.723515, 1.5
41.780105, -87.629682, 1.5
41.881992, -87.639835, 1.5
41.810799, -87.691987, 1.5
42.021485, -87.674104, 1.5
41.914438, -87.714924, 1.5
41.817225, -87.604715, 1.5
41.804745, -87.613725, 1.5
41.793830, -87.645271, 1.5
41.690267, -87.655738, 1.5
41.911700, -87.735285, 1.5
41.765988, -87.573727, 1.5
41.888168, -87.624693, 1.5
41.767079, -87.690795, 1.5
41.832044, -87.626820, 1.5
41.695172, -87.626211, 1.5
41.812493, -87.694479, 1.5
41.912949, -87.727507, 1.5
41.676529, -87.627576, 1.5
41.876479, -87.744988, 1.5
41.978894, -87.906468, 1.5
41.953463, -87.704187, 1.5
41.652942, -87.547299, 1.5
41.769707, -87.666527, 1.5
41.765016, -87.644557, 1.5
41.962460, -87.658443, 1.5
41.935671, -87.726942, 1.5
41.883144, -87.734784, 1.5
41.764812, -87.663938, 1.5
41.794215, -87.624617, 1.5
41.705438, -87.624432, 1.5
41.772154, -87.683596, 1.5
41.873860, -87.700499, 1.5
41.765563, -87.636091, 1.5
41.975839, -87.710090, 1.5
41.707987, -87.579856, 1.5
41.976808, -87.701247, 1.5
41.745833, -87.635362, 1.5
42.019369, -87.684173, 1.5
41.768806, -87.658926, 1.5
41.950761, -87.719102, 1.5
41.773770, -87.668798, 1.5
41.848422, -87.713835, 1.5
41.656091, -87.598864, 1.5
41.848422, -87.713835, 1.5
41.896413, -87.624135, 1.5
41.877987, -87.686204, 1.5
41.778753, -87.617444, 1.5
41.776417, -87.615681, 1.5
41.778380, -87.664340, 1.5
41.901909, -87.773866, 1.5
41.914438, -87.714924, 1.5
41.976233, -87.655153, 1.5
41.893228, -87.667356, 1.5
42.003380, -87.673824, 1.5
41.750860, -87.625967, 1.5
41.787531, -87.622121, 1.5
41.943583, -87.668920, 1.5
41.831160, -87.625351, 1.5
41.852870, -87.683811, 1.5
41.893152, -87.626610, 1.5
41.881978, -87.706625, 1.5
41.802148, -87.729692, 1.5
41.731528, -87.550053, 1.5
41.728364, -87.550842, 1.5
41.885538, -87.729135, 1.5
41.798467, -87.720716, 1.5
41.910586, -87.677462, 1.5
41.768482, -87.679813, 1.5
41.681476, -87.630091, 1.5
41.744535, -87.552335, 1.5
41.758831, -87.590925, 1.5
41.800010, -87.662461, 1.5
41.878248, -87.686213, 1.5
41.685070, -87.634401, 1.5
41.723022, -87.623638, 1.5
41.765993, -87.576150, 1.5
41.904754, -87.733598, 1.5
41.725147, -87.611955, 1.5
41.794784, -87.623445, 1.5
41.881497, -87.766696, 1.5
41.805736, -87.665966, 1.5
41.743645, -87.618274, 1.5
41.882566, -87.763124, 1.5
41.756023, -87.563744, 1.5
41.756170, -87.647034, 1.5
41.721451, -87.652484, 1.5
41.745940, -87.652258, 1.5
41.903682, -87.638396, 1.5
41.897489, -87.652703, 1.5
41.764760, -87.667190, 1.5
42.019033, -87.673445, 1.5
41.866278, -87.654819, 1.5
41.881191, -87.695730, 1.5
41.786841, -87.664545, 1.5
41.757503, -87.605512, 1.5
41.807207, -87.586643, 1.5
41.714259, -87.661548, 1.5
41.863529, -87.614814, 1.5
41.778879, -87.664353, 1.5
41.892630, -87.624338, 1.5
41.667575, -87.628482, 1.5
41.867143, -87.639372, 1.5
41.891765, -87.626871, 1.5
41.891097, -87.620955, 1.5
41.677565, -87.646705, 1.5
41.759066, -87.605264, 1.5
41.771871, -87.697291, 1.5
41.746044, -87.562357, 1.5
41.892503, -87.631300, 1.5
41.806005, -87.674480, 1.5
41.883560, -87.627736, 1.5
41.743355, -87.700848, 1.5
41.813739, -87.603841, 1.5
41.813739, -87.603841, 1.5
41.755425, -87.589652, 1.5
41.679942, -87.630071, 1.5
41.798840, -87.666999, 1.5
41.866804, -87.625670, 1.5
41.765829, -87.614630, 1.5
41.889937, -87.629069, 1.5
41.797716, -87.673399, 1.5
41.970860, -87.805844, 1.5
41.787913, -87.741285, 1.5
41.852480, -87.664192, 1.5
41.774986, -87.688560, 1.5
41.689512, -87.540249, 1.5
41.711614, -87.620156, 1.5
41.880175, -87.761794, 1.5
41.760296, -87.652924, 1.5
41.765801, -87.576145, 1.5
41.892350, -87.748952, 1.5
41.867523, -87.627347, 1.5
41.723022, -87.623638, 1.5
41.778597, -87.615737, 1.5
41.866804, -87.625670, 1.5
41.776909, -87.603962, 1.5
41.749907, -87.643879, 1.5
41.931746, -87.678700, 1.5
41.765750, -87.643328, 1.5
41.873276, -87.754667, 1.5
41.853111, -87.681353, 1.5
41.758778, -87.561663, 1.5
41.776269, -87.615675, 1.5
41.724187, -87.628871, 1.5
41.781308, -87.649834, 1.5
41.721455, -87.652275, 1.5
41.927093, -87.748025, 1.5
41.909198, -87.757333, 1.5
41.758491, -87.635566, 1.5
41.894900, -87.620835, 1.5
41.874277, -87.626142, 1.5
41.961731, -87.715757, 1.5
41.878344, -87.756273, 1.5
41.813739, -87.603841, 1.5
41.876802, -87.627502, 1.5
41.906060, -87.639450, 1.5
41.721735, -87.624554, 1.5
41.723159, -87.643114, 1.5
41.804579, -87.624485, 1.5
41.744350, -87.605192, 1.5
41.764101, -87.591091, 1.5
41.849711, -87.722382, 1.5
41.790426, -87.780322, 1.5
41.778401, -87.702979, 1.5
41.793409, -87.674133, 1.5
41.763864, -87.674578, 1.5
41.707311, -87.621017, 1.5
41.779547, -87.651059, 1.5
41.672908, -87.622363, 1.5
41.873471, -87.706059, 1.5
41.686226, -87.650853, 1.5
41.868074, -87.627294, 1.5
41.779718, -87.654383, 1.5
41.881238, -87.674343, 1.5
41.820681, -87.640838, 1.5
41.809544, -87.613063, 1.5
41.767548, -87.623206, 1.5
41.781498, -87.688440, 1.5
41.986972, -87.655440, 1.5
41.864577, -87.737501, 1.5
41.899845, -87.634180, 1.5
41.885765, -87.647907, 1.5
41.880847, -87.724854, 1.5
41.824191, -87.609729, 1.5
41.759112, -87.565129, 1.5
41.968827, -87.727900, 1.5
41.878032, -87.631187, 1.5
41.883106, -87.628491, 1.5
41.867143, -87.639372, 1.5
41.882757, -87.699038, 1.5
41.818666, -87.694674, 1.5
41.791489, -87.724545, 1.5
41.906395, -87.639057, 1.5
41.790934, -87.636073, 1.5
41.781592, -87.611909, 1.5
41.833884, -87.650534, 1.5
41.778657, -87.652194, 1.5
41.991160, -87.697135, 1.5
41.904944, -87.765611, 1.5
41.776973, -87.660355, 1.5
41.750763, -87.595624, 1.5
41.925264, -87.758798, 1.5
41.908302, -87.695354, 1.5
41.760486, -87.627910, 1.5
41.734954, -87.552616, 1.5
41.755597, -87.602719, 1.5
41.779547, -87.651059, 1.5
41.779824, -87.630000, 1.5
41.751417, -87.582240, 1.5
41.976653, -87.900988, 1.5
41.882476, -87.627704, 1.5
41.892346, -87.749356, 1.5
41.899313, -87.763912, 1.5
41.810123, -87.613988, 1.5
41.879271, -87.634147, 1.5
41.798550, -87.617396, 1.5
41.965966, -87.666735, 1.5
41.772151, -87.659287, 1.5
41.765512, -87.662472, 1.5
41.859188, -87.705827, 1.5
41.760462, -87.576325, 1.5
41.990213, -87.728503, 1.5
41.749027, -87.561486, 1.5
42.019274, -87.672898, 1.5
41.908978, -87.638676, 1.5
41.876724, -87.633547, 1.5
41.880315, -87.750821, 1.5
41.789885, -87.590365, 1.5
41.771101, -87.582440, 1.5
41.771625, -87.583694, 1.5
41.961702, -87.651932, 1.5
41.909168, -87.792373, 1.5
41.937120, -87.730060, 1.5
41.765988, -87.573727, 1.5
41.876796, -87.627796, 1.5
41.768131, -87.689087, 1.5
41.895655, -87.622200, 1.5
41.764294, -87.666378, 1.5
41.725532, -87.626201, 1.5
42.004174, -87.670710, 1.5
41.876212, -87.685220, 1.5
41.865086, -87.659318, 1.5
41.732907, -87.604881, 1.5
41.779064, -87.644626, 1.5
41.751297, -87.724694, 1.5
41.763590, -87.684291, 1.5
41.887124, -87.764116, 1.5
41.721397, -87.662547, 1.5
41.670145, -87.622561, 1.5
41.801787, -87.630560, 1.5
41.935005, -87.751893, 1.5
41.866227, -87.666230, 1.5
41.780646, -87.614274, 1.5
41.896758, -87.628352, 1.5
41.878528, -87.764952, 1.5
41.801787, -87.630560, 1.5
41.923158, -87.726543, 1.5
41.681375, -87.655297, 1.5
41.900958, -87.726132, 1.5
41.772154, -87.683596, 1.5
41.763152, -87.692846, 1.5
41.705566, -87.601045, 1.5
41.863790, -87.708176, 1.5
41.967082, -87.660020, 1.5
41.874757, -87.725316, 1.5
41.657944, -87.615911, 1.5
41.943398, -87.672542, 1.5
41.878692, -87.627841, 1.5
41.721770, -87.628473, 1.5
41.879386, -87.624206, 1.5
41.766081, -87.624780, 1.5
41.756131, -87.579609, 1.5
41.892095, -87.611548, 1.5
41.719474, -87.620688, 1.5
41.878682, -87.747075, 1.5
41.694133, -87.623297, 1.5
41.863529, -87.614814, 1.5
41.910222, -87.707113, 1.5
41.892630, -87.624338, 1.5
41.904069, -87.627599, 1.5
41.752054, -87.649078, 1.5
41.738405, -87.549189, 1.5
41.682770, -87.662783, 1.5
41.897765, -87.623958, 1.5
41.750591, -87.634417, 1.5
41.766462, -87.605752, 1.5
41.792665, -87.606328, 1.5
41.879760, -87.685099, 1.5
41.906359, -87.728307, 1.5
41.779218, -87.644628, 1.5
41.749726, -87.652658, 1.5
41.855232, -87.631994, 1.5
41.661963, -87.637638, 1.5
41.908302, -87.695354, 1.5
41.760661, -87.665986, 1.5
41.867310, -87.764589, 1.5
41.777008, -87.761542, 1.5
41.807566, -87.643228, 1.5
41.767933, -87.591659, 1.5
41.985953, -87.713997, 1.5
41.808548, -87.619720, 1.5
41.856216, -87.650843, 1.5
41.901088, -87.719089, 1.5
41.794401, -87.695187, 1.5
41.773178, -87.667873, 1.5
41.876513, -87.696317, 1.5
41.776973, -87.660355, 1.5
41.830802, -87.614626, 1.5
41.877343, -87.694553, 1.5
41.843203, -87.724668, 1.5
41.899202, -87.667235, 1.5
41.771795, -87.683295, 1.5
41.949747, -87.669080, 1.5
41.762852, -87.591058, 1.5
41.749381, -87.602214, 1.5
41.876350, -87.625899, 1.5
41.788995, -87.604815, 1.5
41.906905, -87.691897, 1.5
41.687979, -87.620849, 1.5
41.677819, -87.631189, 1.5
41.766203, -87.565628, 1.5
41.847247, -87.719906, 1.5
41.892747, -87.758120, 1.5
41.734011, -87.551503, 1.5
41.924927, -87.700884, 1.5
41.898067, -87.623948, 1.5
41.701974, -87.650642, 1.5
41.730654, -87.663062, 1.5
41.929104, -87.766025, 1.5
41.786776, -87.649677, 1.5
41.809497, -87.645705, 1.5
41.794643, -87.631415, 1.5
41.899151, -87.699449, 1.5
41.794323, -87.618580, 1.5
41.810599, -87.603774, 1.5
41.900411, -87.643779, 1.5
41.682465, -87.620804, 1.5
41.778149, -87.615720, 1.5
41.895473, -87.726276, 1.5
41.776737, -87.721183, 1.5
41.660501, -87.589032, 1.5
41.887717, -87.699176, 1.5
41.900325, -87.641782, 1.5
41.895158, -87.650638, 1.5
41.751679, -87.578704, 1.5
41.671840, -87.640364, 1.5
41.977999, -87.904127, 1.5
41.744879, -87.571144, 1.5
41.878692, -87.627841, 1.5
41.767268, -87.688355, 1.5
41.811309, -87.670054, 1.5
41.878063, -87.628645, 1.5
41.859034, -87.661499, 1.5
41.895618, -87.687973, 1.5
41.699754, -87.607207, 1.5
41.845252, -87.650806, 1.5
41.875996, -87.744959, 1.5
41.781697, -87.683855, 1.5
41.675681, -87.631154, 1.5
41.776961, -87.605710, 1.5
41.897831, -87.720200, 1.5
41.682519, -87.679219, 1.5
41.866266, -87.726270, 1.5
41.981940, -87.690765, 1.5
41.764812, -87.663938, 1.5
41.970921, -87.711138, 1.5
41.924917, -87.697155, 1.5
41.780554, -87.740997, 1.5
41.776508, -87.614745, 1.5
41.918040, -87.720705, 1.5
41.906060, -87.639450, 1.5
41.679151, -87.685008, 1.5
41.811661, -87.604566, 1.5
41.692722, -87.604427, 1.5
41.895303, -87.721069, 1.5
41.883258, -87.748906, 1.5
41.841740, -87.719459, 1.5
41.728162, -87.674459, 1.5
41.764338, -87.565382, 1.5
41.801563, -87.654941, 1.5
41.775567, -87.615657, 1.5
41.776275, -87.606953, 1.5
41.706454, -87.670462, 1.5
41.906060, -87.639450, 1.5
41.968210, -87.720817, 1.5
41.772920, -87.608065, 1.5
41.751054, -87.624407, 1.5
41.765016, -87.644557, 1.5
41.919549, -87.702010, 1.5
41.737203, -87.573184, 1.5
41.802620, -87.606568, 1.5
41.788935, -87.686496, 1.5
41.793039, -87.674122, 1.5
41.983737, -87.659653, 1.5
41.948358, -87.704950, 1.5
41.767522, -87.620846, 1.5
41.779547, -87.651059, 1.5
41.768194, -87.685212, 1.5
41.903688, -87.724971, 1.5
41.881382, -87.692045, 1.5
41.679676, -87.627878, 1.5
41.881238, -87.674343, 1.5
41.787913, -87.741285, 1.5
41.929498, -87.678628, 1.5
41.978894, -87.906468, 1.5
41.756110, -87.650890, 1.5
41.790507, -87.620595, 1.5
41.879528, -87.736026, 1.5
41.979074, -87.905584, 1.5
41.995356, -87.702141, 1.5
41.677900, -87.662636, 1.5
41.942251, -87.755951, 1.5
41.765660, -87.611754, 1.5
41.892247, -87.719736, 1.5
41.686696, -87.714594, 1.5
41.765829, -87.614630, 1.5
41.983789, -87.656754, 1.5
41.764015, -87.674580, 1.5
41.677751, -87.637534, 1.5
42.005621, -87.662767, 1.5
42.001512, -87.671639, 1.5
41.886583, -87.770129, 1.5
41.948328, -87.782066, 1.5
41.988213, -87.656906, 1.5
41.887018, -87.764958, 1.5
41.908456, -87.764782, 1.5
41.758783, -87.633144, 1.5
41.823702, -87.618451, 1.5
41.794919, -87.674187, 1.5
41.744526, -87.552954, 1.5
41.767816, -87.620322, 1.5
41.781351, -87.684775, 1.5
41.968044, -87.705871, 1.5
41.940345, -87.698633, 1.5
41.777466, -87.617411, 1.5
41.738996, -87.663294, 1.5
41.747563, -87.709503, 1.5
41.867360, -87.639369, 1.5
41.784389, -87.672681, 1.5
41.760004, -87.666264, 1.5
41.778077, -87.668006, 1.5
41.764416, -87.683384, 1.5
41.937458, -87.745416, 1.5
41.734985, -87.580677, 1.5
41.810604, -87.613682, 1.5
41.765988, -87.573727, 1.5
41.884934, -87.754165, 1.5
41.722567, -87.611888, 1.5
41.917207, -87.665868, 1.5
41.759274, -87.669138, 1.5
41.900593, -87.773040, 1.5
41.911074, -87.766993, 1.5
41.951126, -87.706868, 1.5
41.886583, -87.770129, 1.5
41.887064, -87.768700, 1.5
41.776319, -87.615675, 1.5
41.877356, -87.678430, 1.5
41.912949, -87.727507, 1.5
41.756140, -87.648914, 1.5
41.684365, -87.632604, 1.5
41.922373, -87.786485, 1.5
41.785520, -87.620042, 1.5
41.892536, -87.712715, 1.5
41.879691, -87.774497, 1.5
41.899031, -87.628125, 1.5
41.897765, -87.623958, 1.5
41.717879, -87.623285, 1.5
41.901365, -87.717588, 1.5
41.909402, -87.754822, 1.5
41.805351, -87.731936, 1.5
41.898768, -87.747762, 1.5
41.867965, -87.735179, 1.5
41.902175, -87.752363, 1.5
41.814438, -87.704372, 1.5
41.943181, -87.772513, 1.5
41.780024, -87.688400, 1.5
41.873860, -87.700499, 1.5
41.896802, -87.626988, 1.5
41.677565, -87.646705, 1.5
41.912666, -87.780076, 1.5
41.796770, -87.648585, 1.5
41.734667, -87.607983, 1.5
41.728191, -87.546463, 1.5
41.893885, -87.667081, 1.5
41.733125, -87.543116, 1.5
41.763183, -87.585702, 1.5
41.697927, -87.625793, 1.5
41.918608, -87.765581, 1.5
41.750278, -87.614807, 1.5
41.912467, -87.765772, 1.5
41.896889, -87.722608, 1.5
41.804342, -87.655282, 1.5
41.767630, -87.636142, 1.5
41.752924, -87.554209, 1.5
41.796904, -87.670594, 1.5
41.672638, -87.637076, 1.5
41.756345, -87.612481, 1.5
41.749175, -87.655984, 1.5
41.795545, -87.687900, 1.5
41.808656, -87.601537, 1.5
41.898416, -87.762333, 1.5
41.897787, -87.756752, 1.5
41.737421, -87.656884, 1.5
41.795532, -87.670557, 1.5
41.896920, -87.757961, 1.5
41.789510, -87.649751, 1.5
41.892629, -87.706617, 1.5
41.773643, -87.633415, 1.5
41.752785, -87.556853, 1.5
41.668267, -87.638130, 1.5
41.740962, -87.602372, 1.5
41.809558, -87.690433, 1.5
41.725136, -87.650185, 1.5
41.904119, -87.760222, 1.5
41.969084, -87.663084, 1.5
41.885286, -87.663439, 1.5
41.873582, -87.705400, 1.5
41.810330, -87.686610, 1.5
41.742508, -87.562594, 1.5
41.882147, -87.747936, 1.5
41.909103, -87.773028, 1.5
41.900119, -87.752195, 1.5
41.859748, -87.732469, 1.5
41.788352, -87.647581, 1.5
41.911065, -87.699258, 1.5
41.765110, -87.568782, 1.5
41.789123, -87.648820, 1.5
41.862159, -87.659139, 1.5
41.772765, -87.620616, 1.5
41.902633, -87.717984, 1.5
41.877107, -87.698492, 1.5
41.887932, -87.754409, 1.5
41.697662, -87.619765, 1.5
41.866117, -87.720977, 1.5
41.974135, -87.843842, 1.5
41.837717, -87.729384, 1.5
41.947321, -87.656302, 1.5
41.937715, -87.668738, 1.5
41.941299, -87.640472, 1.5
41.740025, -87.559832, 1.5
41.869266, -87.727875, 1.5
41.812012, -87.604573, 1.5
41.780013, -87.685966, 1.5
41.769759, -87.679481, 1.5
41.894888, -87.746189, 1.5
41.794303, -87.674461, 1.5
41.779149, -87.698392, 1.5
41.939901, -87.647077, 1.5
41.943503, -87.653394, 1.5
41.746742, -87.613743, 1.5
42.012198, -87.674421, 1.5
41.706708, -87.528883, 1.5
41.853011, -87.628293, 1.5
41.876773, -87.630851, 1.5
41.750394, -87.558787, 1.5
41.736176, -87.644074, 1.5
41.771457, -87.680747, 1.5
41.756824, -87.586971, 1.5
41.766929, -87.571572, 1.5
41.882083, -87.631282, 1.5
41.775095, -87.586451, 1.5
41.758766, -87.605256, 1.5
41.861652, -87.660639, 1.5
41.765792, -87.663969, 1.5
41.764416, -87.683384, 1.5
41.902292, -87.761953, 1.5
41.746621, -87.653783, 1.5
41.898067, -87.623948, 1.5
41.906060, -87.639450, 1.5
41.789240, -87.741643, 1.5
41.895261, -87.737697, 1.5
41.779133, -87.674055, 1.5
41.797191, -87.689163, 1.5
41.862958, -87.715772, 1.5
41.899118, -87.642001, 1.5
41.966811, -87.708277, 1.5
41.881965, -87.626796, 1.5
42.015735, -87.680629, 1.5
42.015232, -87.680601, 1.5
41.801266, -87.619533, 1.5
41.942901, -87.723018, 1.5
41.750439, -87.665151, 1.5
41.692722, -87.604427, 1.5
41.829641, -87.614602, 1.5
41.903790, -87.724048, 1.5
41.680334, -87.622878, 1.5
41.924166, -87.743444, 1.5
41.971960, -87.657556, 1.5
41.905732, -87.758466, 1.5
41.695488, -87.636288, 1.5
41.682465, -87.620804, 1.5
41.904183, -87.763751, 1.5
41.974749, -87.890373, 1.5
42.017238, -87.675296, 1.5
41.853869, -87.720918, 1.5
41.763947, -87.659963, 1.5
41.721880, -87.608284, 1.5
41.882003, -87.738540, 1.5
41.762238, -87.615359, 1.5
41.779801, -87.670426, 1.5
41.885839, -87.626165, 1.5
41.978812, -87.906670, 1.5
41.779100, -87.676486, 1.5
41.881992, -87.639835, 1.5
41.731528, -87.550053, 1.5
41.887097, -87.765934, 1.5
41.852922, -87.680914, 1.5
41.764729, -87.670383, 1.5
42.014008, -87.666726, 1.5
41.892095, -87.611548, 1.5
41.866440, -87.712137, 1.5
41.707205, -87.628826, 1.5
41.891687, -87.620489, 1.5
41.828670, -87.614580, 1.5
41.678347, -87.645438, 1.5
41.963634, -87.660784, 1.5
41.994320, -87.803951, 1.5
41.878701, -87.745500, 1.5
41.777529, -87.617414, 1.5
41.738166, -87.555241, 1.5
41.892539, -87.628247, 1.5
41.779218, -87.644628, 1.5
41.905728, -87.758819, 1.5
41.672357, -87.623840, 1.5
41.898503, -87.676983, 1.5
41.866804, -87.625670, 1.5
41.706385, -87.670884, 1.5
41.886350, -87.774714, 1.5
41.692473, -87.641366, 1.5
41.866235, -87.710785, 1.5
41.868802, -87.639097, 1.5
41.868802, -87.639097, 1.5
41.785614, -87.660583, 1.5
41.793830, -87.645271, 1.5
41.829659, -87.619156, 1.5
41.880640, -87.723692, 1.5
41.871652, -87.715208, 1.5
41.764416, -87.683384, 1.5
41.771795, -87.683295, 1.5
41.889863, -87.754341, 1.5
41.855907, -87.679320, 1.5
41.697954, -87.542419, 1.5
41.943022, -87.649510, 1.5
41.746258, -87.552937, 1.5
41.765516, -87.619398, 1.5
41.706048, -87.650346, 1.5
41.879762, -87.685037, 1.5
41.702087, -87.564988, 1.5
41.974409, -87.758544, 1.5
41.777205, -87.640654, 1.5
41.909488, -87.748039, 1.5
41.782189, -87.615257, 1.5
41.946310, -87.825826, 1.5
41.707928, -87.568511, 1.5
41.707928, -87.568511, 1.5
41.767709, -87.585819, 1.5
41.751936, -87.559128, 1.5
42.009059, -87.676032, 1.5
41.900552, -87.737630, 1.5
41.807835, -87.613713, 1.5
41.875601, -87.730257, 1.5
41.779334, -87.691116, 1.5
41.764132, -87.672446, 1.5
41.882004, -87.720972, 1.5
41.838452, -87.675252, 1.5
41.767180, -87.659174, 1.5
41.679686, -87.626750, 1.5
41.772565, -87.644454, 1.5
41.764967, -87.644554, 1.5
41.890990, -87.764482, 1.5
42.015245, -87.682356, 1.5
41.718226, -87.653847, 1.5
41.732387, -87.546840, 1.5
41.886243, -87.747792, 1.5
41.957954, -87.646490, 1.5
41.876864, -87.691922, 1.5
41.751422, -87.664825, 1.5
41.839509, -87.640379, 1.5
41.807924, -87.728134, 1.5
41.779698, -87.664081, 1.5
41.751422, -87.664825, 1.5
41.849073, -87.631786, 1.5
41.845554, -87.712237, 1.5
41.888072, -87.634977, 1.5
41.770347, -87.643055, 1.5
41.784513, -87.662982, 1.5
41.919472, -87.637886, 1.5
41.881380, -87.630720, 1.5
41.723683, -87.654076, 1.5
41.763005, -87.631093, 1.5
41.736176, -87.644074, 1.5
42.009059, -87.676032, 1.5
41.751786, -87.553955, 1.5
41.823487, -87.712714, 1.5
41.700965, -87.619509, 1.5
41.938797, -87.735874, 1.5
41.773717, -87.642502, 1.5
41.941175, -87.744111, 1.5
41.864492, -87.639305, 1.5
41.881489, -87.725839, 1.5
41.794029, -87.674005, 1.5
41.903100, -87.689617, 1.5
41.878123, -87.735539, 1.5
41.763133, -87.684574, 1.5
41.764416, -87.683384, 1.5
41.801194, -87.621155, 1.5
41.897765, -87.623958, 1.5
41.752335, -87.576150, 1.5
41.824743, -87.611128, 1.5
41.731136, -87.602601, 1.5
41.765744, -87.660347, 1.5
41.859417, -87.714147, 1.5
41.924497, -87.716660, 1.5
41.790701, -87.650211, 1.5
41.881007, -87.720908, 1.5
41.955562, -87.652244, 1.5
42.011481, -87.676684, 1.5
41.792961, -87.682124, 1.5
41.903819, -87.629332, 1.5
41.976348, -87.702869, 1.5
41.983535, -87.658857, 1.5
41.936185, -87.748247, 1.5
41.815375, -87.666229, 1.5
41.878108, -87.627532, 1.5
41.758778, -87.561663, 1.5
41.879760, -87.685162, 1.5
41.711994, -87.568339, 1.5
41.877573, -87.693486, 1.5
41.866498, -87.686280, 1.5
41.884389, -87.625109, 1.5
41.866140, -87.719134, 1.5
41.710761, -87.614928, 1.5
41.971425, -87.710857, 1.5
41.794884, -87.616131, 1.5
41.671588, -87.640356, 1.5
41.779234, -87.664071, 1.5
41.779149, -87.698392, 1.5
41.897125, -87.721537, 1.5
41.917685, -87.688566, 1.5
41.721326, -87.662485, 1.5
41.845218, -87.719554, 1.5
41.802357, -87.647150, 1.5
41.810620, -87.601870, 1.5
41.856598, -87.679339, 1.5
41.778401, -87.702979, 1.5
41.772905, -87.644465, 1.5
41.743562, -87.642470, 1.5
41.860447, -87.622246, 1.5
41.881191, -87.695730, 1.5
41.971456, -87.655770, 1.5
41.923182, -87.780709, 1.5
41.829641, -87.614602, 1.5
41.743806, -87.543187, 1.5
41.763447, -87.712080, 1.5
41.887125, -87.624693, 1.5
41.856856, -87.712861, 1.5
41.910707, -87.766643, 1.5
41.898795, -87.641990, 1.5
41.909402, -87.754822, 1.5
41.867523, -87.627347, 1.5
41.773283, -87.690663, 1.5
41.769617, -87.648012, 1.5
41.919084, -87.728312, 1.5
41.910517, -87.667811, 1.5
41.808740, -87.662938, 1.5
41.753645, -87.647614, 1.5
41.907298, -87.639539, 1.5
41.748377, -87.658389, 1.5
41.764691, -87.628439, 1.5
41.893932, -87.747167, 1.5
41.863342, -87.656311, 1.5
41.750887, -87.634366, 1.5
41.682465, -87.620804, 1.5
41.702877, -87.555641, 1.5
41.736487, -87.545966, 1.5
41.788282, -87.663060, 1.5
41.778740, -87.615739, 1.5
41.779599, -87.674054, 1.5
41.899450, -87.641920, 1.5
41.935312, -87.639243, 1.5
41.793518, -87.664428, 1.5
41.790705, -87.654641, 1.5
41.855286, -87.712344, 1.5
41.867486, -87.719418, 1.5
41.753118, -87.702636, 1.5
41.925265, -87.723274, 1.5
41.776319, -87.615675, 1.5
41.749904, -87.644172, 1.5
41.877998, -87.634664, 1.5
41.878056, -87.629244, 1.5
41.878108, -87.627532, 1.5
41.757033, -87.669828, 1.5
41.929404, -87.678625, 1.5
41.975956, -87.692495, 1.5
41.861652, -87.660639, 1.5
41.722766, -87.575512, 1.5
41.801243, -87.621155, 1.5
41.793830, -87.645271, 1.5
41.726802, -87.575318, 1.5
41.889945, -87.707646, 1.5
41.721467, -87.634586, 1.5
41.794029, -87.674005, 1.5
41.909364, -87.775483, 1.5
41.829058, -87.606471, 1.5
41.909128, -87.691944, 1.5
41.866125, -87.720342, 1.5
41.903597, -87.631586, 1.5
41.736159, -87.627674, 1.5
41.690692, -87.664129, 1.5
41.769491, -87.660158, 1.5
41.774785, -87.647235, 1.5
41.881238, -87.674343, 1.5
41.874532, -87.721672, 1.5
41.824437, -87.633064, 1.5
41.702573, -87.525067, 1.5
41.765861, -87.673414, 1.5
41.732234, -87.596085, 1.5
41.745239, -87.595200, 1.5
41.917002, -87.636480, 1.5
41.875626, -87.710686, 1.5
41.881078, -87.706498, 1.5
41.878117, -87.626754, 1.5
41.775264, -87.612959, 1.5
41.793518, -87.664428, 1.5
41.755024, -87.562807, 1.5
41.679635, -87.630917, 1.5
41.906060, -87.639450, 1.5
41.737507, -87.549855, 1.5
41.751050, -87.625107, 1.5
41.768018, -87.646772, 1.5
41.933649, -87.776198, 1.5
41.790705, -87.654641, 1.5
41.964608, -87.661156, 1.5
41.730605, -87.663059, 1.5
41.703797, -87.563100, 1.5
41.762187, -87.665109, 1.5
41.750828, -87.625183, 1.5
41.762693, -87.683336, 1.5
42.019274, -87.672898, 1.5
41.981421, -87.710186, 1.5
41.826353, -87.632672, 1.5
41.905994, -87.674372, 1.5
42.003285, -87.670683, 1.5
42.012794, -87.702907, 1.5
41.827207, -87.632703, 1.5
41.777562, -87.605722, 1.5
42.009095, -87.674137, 1.5
41.765016, -87.644557, 1.5
41.752009, -87.601712, 1.5
41.903233, -87.758610, 1.5
41.728258, -87.656918, 1.5
41.736767, -87.604182, 1.5
41.921783, -87.714033, 1.5
41.751422, -87.664825, 1.5
41.863485, -87.659573, 1.5
41.823930, -87.617954, 1.5
41.934474, -87.775011, 1.5
41.750100, -87.674895, 1.5
41.767864, -87.664020, 1.5
41.746493, -87.607678, 1.5
41.838258, -87.621556, 1.5
41.854118, -87.705470, 1.5
41.832347, -87.678863, 1.5
41.736176, -87.644074, 1.5
41.735274, -87.703488, 1.5
41.785194, -87.635786, 1.5
41.823930, -87.617954, 1.5
41.823930, -87.617954, 1.5
41.887561, -87.735048, 1.5
41.751669, -87.605072, 1.5
41.784444, -87.767940, 1.5
41.788349, -87.667943, 1.5
42.005851, -87.660847, 1.5
41.764691, -87.628439, 1.5
41.766320, -87.629649, 1.5
41.748719, -87.600411, 1.5
41.749305, -87.552706, 1.5
41.777205, -87.640654, 1.5
42.004842, -87.667094, 1.5
41.925675, -87.803728, 1.5
41.976309, -87.904981, 1.5
41.899215, -87.642007, 1.5
41.804579, -87.624485, 1.5
41.782275, -87.660787, 1.5
41.778789, -87.707679, 1.5
41.893319, -87.618972, 1.5
41.790705, -87.654641, 1.5
41.881030, -87.679237, 1.5
41.872678, -87.705035, 1.5
41.740143, -87.562263, 1.5
41.765145, -87.576135, 1.5
41.983951, -87.669008, 1.5
41.895303, -87.721069, 1.5
41.882104, -87.766808, 1.5
41.874386, -87.627757, 1.5
41.880797, -87.728828, 1.5
41.783015, -87.606133, 1.5
41.965646, -87.777342, 1.5
41.829191, -87.683577, 1.5
41.880878, -87.704668, 1.5
41.707928, -87.568511, 1.5
41.858572, -87.667440, 1.5
41.764812, -87.663938, 1.5
41.883686, -87.748921, 1.5
41.965500, -87.662599, 1.5
41.668601, -87.635736, 1.5
42.019270, -87.672184, 1.5
41.962852, -87.730957, 1.5
41.962852, -87.730957, 1.5
41.918608, -87.765581, 1.5
41.779730, -87.653565, 1.5
42.019274, -87.672898, 1.5
42.005964, -87.927366, 1.5
41.908978, -87.638676, 1.5
41.784389, -87.672681, 1.5
41.765806, -87.688022, 1.5
41.778647, -87.615443, 1.5
41.903763, -87.648251, 1.5
41.748826, -87.670529, 1.5
41.710228, -87.564397, 1.5
41.821231, -87.647088, 1.5
41.778058, -87.606028, 1.5
41.897954, -87.624243, 1.5
41.748826, -87.670529, 1.5
41.838229, -87.646139, 1.5
41.767362, -87.664004, 1.5
41.822945, -87.685012, 1.5
41.764416, -87.683384, 1.5
41.867143, -87.639372, 1.5
41.744686, -87.602722, 1.5
41.816486, -87.619108, 1.5
41.766684, -87.612725, 1.5
41.792357, -87.633090, 1.5
41.751422, -87.664825, 1.5
41.732186, -87.605461, 1.5
41.768374, -87.660126, 1.5
41.741614, -87.609953, 1.5
41.684820, -87.653438, 1.5
41.789304, -87.685282, 1.5
41.764912, -87.673658, 1.5
41.935229, -87.654794, 1.5
41.736257, -87.635195, 1.5
41.940083, -87.650961, 1.5
41.903946, -87.681049, 1.5
41.907298, -87.639539, 1.5
41.787590, -87.643622, 1.5
41.735648, -87.602996, 1.5
41.779876, -87.651932, 1.5
41.945550, -87.651582, 1.5
41.880468, -87.756085, 1.5
41.916987, -87.687908, 1.5
41.785614, -87.660583, 1.5
41.866328, -87.666236, 1.5
41.706744, -87.649797, 1.5
41.976309, -87.904981, 1.5
41.675233, -87.618885, 1.5
41.778237, -87.615723, 1.5
41.874757, -87.725316, 1.5
41.964364, -87.650132, 1.5
41.819825, -87.637803, 1.5
41.943542, -87.807664, 1.5
41.819390, -87.699627, 1.5
41.771058, -87.656853, 1.5
41.751380, -87.552743, 1.5
41.952537, -87.812344, 1.5
41.874464, -87.643746, 1.5
41.737097, -87.580458, 1.5
41.773146, -87.624992, 1.5
41.982605, -87.711429, 1.5
41.889518, -87.626507, 1.5
41.789156, -87.636073, 1.5
41.826061, -87.609909, 1.5
41.910941, -87.706629, 1.5
41.698957, -87.633998, 1.5
41.867547, -87.625427, 1.5
41.699925, -87.642472, 1.5
41.790710, -87.636266, 1.5
41.799217, -87.646662, 1.5
41.912288, -87.711612, 1.5
41.653535, -87.616531, 1.5
41.779461, -87.671379, 1.5
41.957451, -87.724714, 1.5
41.790706, -87.636467, 1.5
41.924490, -87.717325, 1.5
41.921943, -87.752544, 1.5
41.903597, -87.631586, 1.5
41.740691, -87.558918, 1.5
41.801436, -87.664174, 1.5
41.734630, -87.550129, 1.5
41.978894, -87.906468, 1.5
41.964396, -87.662522, 1.5
41.798206, -87.689190, 1.5
41.877535, -87.720787, 1.5
41.756117, -87.636076, 1.5
41.761533, -87.597102, 1.5
41.929083, -87.678614, 1.5
41.780704, -87.649819, 1.5
41.765001, -87.673393, 1.5
41.878692, -87.627841, 1.5
41.780465, -87.621839, 1.5
41.987558, -87.702387, 1.5
41.919073, -87.703709, 1.5
41.883644, -87.757485, 1.5
41.765118, -87.673689, 1.5
41.904037, -87.694302, 1.5
41.718470, -87.620663, 1.5
41.859045, -87.658761, 1.5
41.921097, -87.767250, 1.5
41.758930, -87.562203, 1.5
41.653759, -87.615467, 1.5
41.817437, -87.621577, 1.5
41.871039, -87.708509, 1.5
41.962928, -87.682110, 1.5
41.874473, -87.642931, 1.5
41.749346, -87.721132, 1.5
41.733759, -87.557734, 1.5
41.751198, -87.603176, 1.5
41.894934, -87.767315, 1.5
41.797291, -87.690361, 1.5
41.774631, -87.661505, 1.5
41.750887, -87.634366, 1.5
41.772475, -87.637695, 1.5
41.779133, -87.674055, 1.5
41.966707, -87.718353, 1.5
41.878555, -87.627836, 1.5
41.876544, -87.755191, 1.5
41.822095, -87.603725, 1.5
41.772505, -87.589044, 1.5
41.893744, -87.715410, 1.5
41.692630, -87.612955, 1.5
41.819063, -87.743324, 1.5
41.876544, -87.755191, 1.5
41.918608, -87.765581, 1.5
42.008962, -87.668744, 1.5
41.892067, -87.628227, 1.5
41.739513, -87.603543, 1.5
41.886990, -87.763570, 1.5
41.939843, -87.754131, 1.5
41.751421, -87.585319, 1.5
41.881696, -87.629542, 1.5
41.750100, -87.674895, 1.5
41.775480, -87.609323, 1.5
41.682465, -87.620804, 1.5
41.712985, -87.681972, 1.5
41.894934, -87.767315, 1.5
41.905638, -87.710516, 1.5
41.713548, -87.570965, 1.5
41.813699, -87.704650, 1.5
41.750828, -87.625183, 1.5
41.885637, -87.629014, 1.5
41.964360, -87.654923, 1.5
41.749837, -87.675421, 1.5
41.919484, -87.719435, 1.5
41.702595, -87.559749, 1.5
41.750292, -87.660164, 1.5
41.881696, -87.629542, 1.5
41.653148, -87.601734, 1.5
41.678881, -87.629750, 1.5
41.876802, -87.627502, 1.5
41.985402, -87.656299, 1.5
41.998758, -87.763442, 1.5
42.005539, -87.678092, 1.5
41.883099, -87.631307, 1.5
41.751936, -87.559128, 1.5
41.712031, -87.628586, 1.5
41.845410, -87.699451, 1.5
41.953310, -87.654661, 1.5
41.779149, -87.698392, 1.5
41.794792, -87.622957, 1.5
41.954424, -87.651326, 1.5
41.772154, -87.683596, 1.5
41.931537, -87.642143, 1.5
41.939807, -87.650736, 1.5
41.858292, -87.723842, 1.5
41.870359, -87.743921, 1.5
41.870359, -87.743921, 1.5
41.730132, -87.606085, 1.5
41.867143, -87.639372, 1.5
41.881992, -87.639835, 1.5
41.721513, -87.624633, 1.5
41.890779, -87.642458, 1.5
41.748745, -87.552695, 1.5
41.846003, -87.722850, 1.5
41.721451, -87.652484, 1.5
41.868285, -87.709755, 1.5
42.004435, -87.811148, 1.5
41.661373, -87.633871, 1.5
41.774561, -87.702888, 1.5
41.878915, -87.639733, 1.5
41.879393, -87.626728, 1.5
41.790708, -87.636398, 1.5
41.967082, -87.660020, 1.5
41.804537, -87.670795, 1.5
41.736176, -87.644074, 1.5
41.839564, -87.631860, 1.5
41.883098, -87.634355, 1.5
41.772420, -87.691852, 1.5
41.921058, -87.653324, 1.5
41.748895, -87.612590, 1.5
41.884026, -87.627753, 1.5
41.885584, -87.644358, 1.5
41.898932, -87.748205, 1.5
41.790924, -87.636608, 1.5
41.777183, -87.615698, 1.5
41.926802, -87.753404, 1.5
41.965535, -87.655079, 1.5
41.735935, -87.645472, 1.5
41.692695, -87.622925, 1.5
41.905816, -87.692477, 1.5
41.870157, -87.705280, 1.5
41.880455, -87.677994, 1.5
41.771979, -87.672625, 1.5
41.752055, -87.664126, 1.5
41.878063, -87.646719, 1.5
41.680850, -87.625057, 1.5
41.751054, -87.624407, 1.5
41.890449, -87.719687, 1.5
41.906401, -87.638708, 1.5
41.750439, -87.665151, 1.5
41.722059, -87.675895, 1.5
41.916972, -87.754474, 1.5
41.881992, -87.639835, 1.5
41.745192, -87.551286, 1.5
41.884029, -87.673411, 1.5
41.873860, -87.700499, 1.5
41.780320, -87.617093, 1.5
41.779698, -87.664081, 1.5
41.747035, -87.653793, 1.5
41.657789, -87.605597, 1.5
41.772154, -87.683596, 1.5
41.764416, -87.683384, 1.5
41.880268, -87.755213, 1.5
41.917407, -87.694301, 1.5
41.896758, -87.628352, 1.5
41.772154, -87.683596, 1.5
41.976233, -87.655153, 1.5
41.905638, -87.639095, 1.5
41.751078, -87.602899, 1.5
41.960328, -87.729555, 1.5
41.892021, -87.711482, 1.5
41.750860, -87.625967, 1.5
41.750591, -87.634417, 1.5
41.691981, -87.641305, 1.5
41.877452, -87.685137, 1.5
41.852073, -87.675458, 1.5
41.947710, -87.657095, 1.5
41.751045, -87.676956, 1.5
41.764116, -87.560847, 1.5
41.794798, -87.662325, 1.5
41.773422, -87.588249, 1.5
42.013702, -87.671653, 1.5
41.989985, -87.655909, 1.5
41.924917, -87.697155, 1.5
41.794778, -87.623848, 1.5
41.705566, -87.601045, 1.5
41.863028, -87.709351, 1.5
41.779133, -87.674055, 1.5
41.802895, -87.616185, 1.5
41.820617, -87.685891, 1.5
41.853864, -87.699302, 1.5
41.882434, -87.735385, 1.5
41.864492, -87.639305, 1.5
41.877471, -87.683257, 1.5
41.864492, -87.639305, 1.5
41.792254, -87.673184, 1.5
41.779641, -87.644584, 1.5
41.987272, -87.770805, 1.5
41.904548, -87.696776, 1.5
41.990944, -87.667232, 1.5
41.760378, -87.597541, 1.5
41.941635, -87.739725, 1.5
41.728920, -87.640048, 1.5
41.823767, -87.613509, 1.5
41.779561, -87.664515, 1.5
41.816675, -87.621252, 1.5
41.796117, -87.769876, 1.5
41.691194, -87.717667, 1.5
41.654630, -87.606049, 1.5
41.802139, -87.690225, 1.5
41.874302, -87.695971, 1.5
41.810620, -87.601870, 1.5
41.809868, -87.719389, 1.5
41.722491, -87.604636, 1.5
41.906972, -87.695540, 1.5
41.779434, -87.659244, 1.5
41.938868, -87.723266, 1.5
41.899861, -87.664517, 1.5
41.815955, -87.686062, 1.5
41.885122, -87.756613, 1.5
41.875268, -87.667564, 1.5
41.809801, -87.749186, 1.5
41.937017, -87.701599, 1.5
41.922647, -87.654880, 1.5
41.848625, -87.708672, 1.5
41.736378, -87.627639, 1.5
41.707316, -87.620581, 1.5
41.802838, -87.662241, 1.5
41.838505, -87.689442, 1.5
41.878032, -87.631187, 1.5
41.793443, -87.673861, 1.5
41.777067, -87.688624, 1.5
41.954638, -87.716469, 1.5
41.677819, -87.631189, 1.5
41.721132, -87.644568, 1.5
41.693459, -87.612031, 1.5
41.826106, -87.632671, 1.5
41.906545, -87.710272, 1.5
41.877996, -87.733180, 1.5
41.887018, -87.764958, 1.5
41.831989, -87.679142, 1.5
41.870631, -87.723401, 1.5
41.775779, -87.683702, 1.5
41.941117, -87.651791, 1.5
41.953709, -87.650142, 1.5
41.817615, -87.632243, 1.5
41.879697, -87.721813, 1.5
41.918954, -87.720799, 1.5
41.765714, -87.620412, 1.5
41.817039, -87.631373, 1.5
41.763211, -87.674559, 1.5
41.735935, -87.645472, 1.5
41.765022, -87.615112, 1.5
41.764655, -87.677660, 1.5
41.886518, -87.706728, 1.5
41.788715, -87.648516, 1.5
41.693839, -87.699836, 1.5
41.771736, -87.638557, 1.5
41.759678, -87.655529, 1.5
41.804579, -87.624485, 1.5
41.829444, -87.620369, 1.5
41.897777, -87.729703, 1.5
41.878056, -87.629244, 1.5
41.791389, -87.659808, 1.5
41.848818, -87.705312, 1.5
41.895678, -87.706708, 1.5
41.886704, -87.628132, 1.5
41.964855, -87.714863, 1.5
41.746361, -87.602468, 1.5
41.886644, -87.696682, 1.5
41.902613, -87.686870, 1.5
41.693839, -87.699836, 1.5
41.722875, -87.624413, 1.5
41.722875, -87.624413, 1.5
41.844118, -87.726417, 1.5
41.812068, -87.695694, 1.5
41.861670, -87.659504, 1.5
41.924438, -87.738855, 1.5
41.768914, -87.651645, 1.5
41.757104, -87.558355, 1.5
41.852902, -87.696881, 1.5
41.764756, -87.623432, 1.5
41.904667, -87.694013, 1.5
41.879780, -87.627572, 1.5
41.707218, -87.612822, 1.5
41.955966, -87.651280, 1.5
41.899777, -87.686803, 1.5
41.897378, -87.625744, 1.5
41.692344, -87.652355, 1.5
41.721151, -87.658908, 1.5
41.750940, -87.683018, 1.5
41.780374, -87.688704, 1.5
41.746640, -87.586935, 1.5
41.879785, -87.703448, 1.5
41.881238, -87.674343, 1.5
41.879271, -87.634147, 1.5
41.685113, -87.631000, 1.5
41.736150, -87.627154, 1.5
41.779885, -87.691125, 1.5
41.772826, -87.688505, 1.5
41.702645, -87.634405, 1.5
41.786776, -87.649677, 1.5
41.867099, -87.642922, 1.5
41.834955, -87.654871, 1.5
41.786941, -87.643310, 1.5
41.734170, -87.604911, 1.5
41.929177, -87.678616, 1.5
41.941273, -87.642509, 1.5
41.880287, -87.752991, 1.5
41.976653, -87.900988, 1.5
41.755904, -87.644328, 1.5
41.902856, -87.717662, 1.5
41.976579, -87.654848, 1.5
41.957412, -87.712784, 1.5
41.734011, -87.551503, 1.5
41.866140, -87.719134, 1.5
41.835981, -87.734196, 1.5
41.894989, -87.761846, 1.5
41.953902, -87.717347, 1.5
41.881992, -87.639835, 1.5
41.762817, -87.633533, 1.5
41.789101, -87.685276, 1.5
41.936940, -87.680559, 1.5
41.722875, -87.624413, 1.5
41.910787, -87.746051, 1.5
41.732282, -87.596381, 1.5
41.829641, -87.614602, 1.5
41.766261, -87.621861, 1.5
41.788801, -87.642725, 1.5
41.905851, -87.638578, 1.5
41.756973, -87.607655, 1.5
41.721824, -87.623512, 1.5
41.707110, -87.620078, 1.5
41.905433, -87.709078, 1.5
41.689621, -87.645797, 1.5
41.781045, -87.620245, 1.5
41.876029, -87.728619, 1.5
41.947321, -87.656302, 1.5
41.909128, -87.691944, 1.5
41.701084, -87.637656, 1.5
